50 58
1 2 803
2 1 803
3 4 158
4 3 158
5 6 774
6 5 774
7 8 153123
8 7 1531
9 10 1673
10 9 1673
9 11 1400
11 9 1400
1 12 842
12 1 842
2 13 591
13 2 591
14 15 1371
15 14 1371
16 17 1659
17 16 16592
18 19 1012
19 18 1012
20 21 1226
21 20 1226
20 22 1265
22 20 1265
23 24 2707
24 23 2707
25 26 520
26 25 520
27 28 783
28 27 783
29 30 518
30 29 518
31 32 3412
32 31 3412
33 34 1994
34 33 1994
33 35 337
35 33 337
36 37 363
37 36 363
38 39 1018
39 38 1018
40 41 392
41 40 392
29 42 1074
42 29 1074
43 44 570
44 43 570
44 45 1764
45 44 1764
46 47 1104
47 46 1104
2 48 617
48 2 617
49 50 1515
50 49 1515