3000 7012
1 2 803
2 1 803
3 4 158
4 3 158
5 6 774
6 5 774
7 8 1531
8 7 1531
9 10 1673
10 9 1673
9 11 1400
11 9 1400
1 12 842
12 1 842
2 13 591
13 2 591
14 15 1371
15 14 1371
16 17 1659
17 16 1659
18 19 1012
19 18 1012
20 21 1226
21 20 1226
20 22 1265
22 20 1265
23 24 2707
24 23 2707
25 26 520
26 25 520
27 28 783
28 27 783
29 30 518
30 29 518
31 32 3412
32 31 3412
33 34 1994
34 33 1994
33 35 337
35 33 337
36 37 363
37 36 363
38 39 1018
39 38 1018
40 41 392
41 40 392
29 42 1074
42 29 1074
43 44 570
44 43 570
44 45 1764
45 44 1764
46 47 1104
47 46 1104
2 48 617
48 2 617
49 50 1515
50 49 1515
49 51 1186
51 49 1186
52 53 2068
53 52 2068
54 55 520
55 54 520
56 57 734
57 56 734
58 59 705
59 58 705
60 61 1253
61 60 1253
62 63 2418
63 62 2418
64 65 1031
65 64 1031
66 58 611
58 66 611
67 68 3233
68 67 3233
68 60 317
60 68 317
60 69 1708
69 60 1708
70 71 353
71 70 353
69 70 454
70 69 454
72 73 5162
73 72 5162
74 75 798
75 74 798
74 76 1407
76 74 1407
77 78 488
78 77 488
77 79 931
79 77 931
78 80 4705
80 78 4705
78 81 1284
81 78 1284
82 83 369
83 82 369
82 84 1744
84 82 1744
85 86 7921
86 85 7921
86 87 10233
87 86 10233
88 89 328
89 88 328
90 91 456
91 90 456
91 88 909
88 91 909
92 93 264
93 92 264
91 92 484
92 91 484
94 95 143
95 94 143
96 97 2345
97 96 2345
98 99 3101
99 98 3101
100 101 3177
101 100 3177
102 103 6117
103 102 6117
104 105 1065
105 104 1065
106 107 5791
107 106 5791
108 109 2285
109 108 2285
110 109 4799
109 110 4799
109 106 3701
106 109 3701
111 106 921
106 111 921
112 110 3002
110 112 3002
113 114 111
114 113 111
115 113 1436
113 115 1436
116 117 4240
117 116 4240
118 119 1052
119 118 1052
118 116 2551
116 118 2551
120 118 3631
118 120 3631
121 122 1782
122 121 1782
123 120 1547
120 123 1547
123 124 2138
124 123 2138
125 123 3594
123 125 3594
126 127 1031
127 126 1031
126 128 2085
128 126 2085
125 126 2166
126 125 2166
129 125 524
125 129 524
130 129 6959
129 130 6959
130 131 5495
131 130 5495
131 132 1261
132 131 1261
133 134 2886
134 133 2886
131 134 4246
134 131 4246
135 136 535
136 135 535
134 135 1005
135 134 1005
135 137 1686
137 135 1686
138 139 3557
139 138 3557
138 140 2675
140 138 2675
139 141 603
141 139 603
139 142 2691
142 139 2691
143 144 1897
144 143 1897
143 145 473
145 143 473
140 146 7734
146 140 7734
140 143 788
143 140 788
147 148 2271
148 147 2271
147 149 3591
149 147 3591
146 150 782
150 146 782
146 151 765
151 146 765
152 153 2242
153 152 2242
154 147 1802
147 154 1802
154 155 950
155 154 950
156 157 1924
157 156 1924
156 158 1370
158 156 1370
159 156 1954
156 159 1954
159 160 1483
160 159 1483
161 162 5016
162 161 5016
152 161 2781
161 152 2781
161 163 2887
163 161 2887
164 165 1736
165 164 1736
166 167 3931
167 166 3931
168 169 1345
169 168 1345
170 166 2605
166 170 2605
171 166 924
166 171 924
171 172 3415
172 171 3415
173 174 1963
174 173 1963
112 175 6223
175 112 6223
167 112 4812
112 167 4812
175 167 2754
167 175 2754
176 175 4795
175 176 4795
172 177 3744
177 172 3744
178 171 8097
171 178 8097
179 180 918
180 179 918
181 173 1829
173 181 1829
182 181 562
181 182 562
182 183 2122
183 182 2122
184 182 4961
182 184 4961
183 185 889
185 183 889
173 179 4282
179 173 4282
179 186 3851
186 179 3851
176 187 5559
187 176 5559
188 189 901
189 188 901
188 190 782
190 188 782
191 192 3933
192 191 3933
191 176 1206
176 191 1206
193 191 2695
191 193 2695
194 193 511
193 194 511
195 194 696
194 195 696
196 197 3278
197 196 3278
198 195 1652
195 198 1652
195 199 5635
199 195 5635
193 200 3006
200 193 3006
200 201 393
201 200 393
181 202 8544
202 181 8544
203 204 7712
204 203 7712
202 196 8832
196 202 8832
205 196 1746
196 205 1746
205 206 2249
206 205 2249
207 203 7131
203 207 7131
203 208 997
208 203 997
209 205 2233
205 209 2233
208 209 1032
209 208 1032
210 209 1668
209 210 1668
211 210 2191
210 211 2191
212 211 303
211 212 303
213 212 2312
212 213 2312
214 213 1278
213 214 1278
215 184 1161
184 215 1161
216 215 1978
215 216 1978
217 216 1084
216 217 1084
218 219 1109
219 218 1109
217 220 3594
220 217 3594
96 217 2556
217 96 2556
98 96 1234
96 98 1234
221 98 3445
98 221 3445
222 223 796
223 222 796
215 218 3087
218 215 3087
218 224 2956
224 218 2956
225 226 14242
226 225 14242
223 225 1219
225 223 1219
225 227 762
227 225 762
227 228 503
228 227 503
228 229 4111
229 228 4111
34 230 246
230 34 246
221 231 3229
231 221 3229
232 221 1234
221 232 1234
233 232 3385
232 233 3385
234 100 503
100 234 503
233 100 275
100 233 275
234 233 275
233 234 275
235 234 333
234 235 333
236 235 2480
235 236 2480
232 222 3418
222 232 3418
237 222 7762
222 237 7762
235 238 2089
238 235 2089
239 236 713
236 239 713
240 239 3876
239 240 3876
239 241 1340
241 239 1340
242 243 1740
243 242 1740
242 244 1576
244 242 1576
245 240 667
240 245 667
245 242 1670
242 245 1670
246 245 1257
245 246 1257
236 237 4944
237 236 4944
240 247 2109
247 240 2109
246 248 2878
248 246 2878
35 249 1346
249 35 1346
101 250 258
250 101 258
251 14 2103
14 251 2103
252 251 5949
251 252 5949
253 204 1689
204 253 1689
253 254 2983
254 253 2983
14 237 3971
237 14 3971
255 229 13019
229 255 13019
229 256 1300
256 229 1300
257 258 552
258 257 552
256 257 3982
257 256 3982
257 259 786
259 257 786
256 260 3089
260 256 3089
101 261 2780
261 101 2780
260 262 4133
262 260 4133
263 253 3880
253 263 3880
207 263 819
263 207 819
264 207 1417
207 264 1417
263 265 5666
265 263 5666
214 264 2178
264 214 2178
266 214 1004
214 266 1004
267 266 893
266 267 893
268 267 2747
267 268 2747
269 267 12787
267 269 12787
260 270 1277
270 260 1277
271 272 2059
272 271 2059
251 273 1178
273 251 1178
273 274 353
274 273 353
274 275 1719
275 274 1719
274 255 950
255 274 950
276 255 2023
255 276 2023
276 277 1426
277 276 1426
271 278 761
278 271 761
279 271 670
271 279 670
280 279 1763
279 280 1763
270 281 426
281 270 426
282 269 556
269 282 556
283 282 2994
282 283 2994
280 282 9490
282 280 9490
284 283 902
283 284 902
280 285 3489
285 280 3489
286 280 4334
280 286 4334
287 288 1911
288 287 1911
289 188 13645
188 289 13645
290 130 9167
130 290 9167
291 290 7098
290 291 7098
289 292 452
292 289 452
293 289 748
289 293 748
292 294 3653
294 292 3653
293 292 597
292 293 597
295 294 6447
294 295 6447
294 296 5634
296 294 5634
294 297 2773
297 294 2773
196 295 4090
295 196 4090
298 299 561
299 298 561
210 298 3937
298 210 3937
298 300 2504
300 298 2504
296 299 1615
299 296 1615
296 301 2022
301 296 2022
211 302 2387
302 211 2387
213 303 3107
303 213 3107
304 152 6710
152 304 6710
305 304 3787
304 305 3787
306 293 3066
293 306 3066
291 306 251
306 291 251
307 291 1137
291 307 1137
308 307 562
307 308 562
307 309 3269
309 307 3269
310 308 580
308 310 580
311 312 1772
312 311 1772
310 311 353
311 310 353
313 310 2639
310 313 2639
314 315 1544
315 314 1544
316 305 782
305 316 782
314 316 344
316 314 344
317 316 804
316 317 804
318 313 373
313 318 373
313 319 353
319 313 353
318 319 475
319 318 475
320 318 649
318 320 649
321 314 344
314 321 344
319 321 2733
321 319 2733
322 323 672
323 322 672
304 324 2573
324 304 2573
324 325 3995
325 324 3995
163 326 562
326 163 562
327 328 1743
328 327 1743
324 327 2072
327 324 2072
327 329 883
329 327 883
330 322 2450
322 330 2450
305 330 1591
330 305 1591
321 317 706
317 321 706
331 317 1637
317 331 1637
332 331 1860
331 332 1860
333 334 1250
334 333 1250
330 333 1428
333 330 1428
335 336 1386
336 335 1386
331 335 1771
335 331 1771
320 337 4284
337 320 4284
337 338 251
338 337 251
338 339 679
339 338 679
335 340 3077
340 335 3077
341 342 4058
342 341 4058
297 343 2512
343 297 2512
343 320 2933
320 343 2933
344 341 1796
341 344 1796
342 320 1559
320 342 1559
345 342 594
342 345 594
346 345 469
345 346 469
347 345 482
345 347 482
346 344 4070
344 346 4070
348 346 5488
346 348 5488
349 347 5037
347 349 5037
350 351 4215
351 350 4215
352 353 290
353 352 290
350 354 431
354 350 431
348 350 1846
350 348 1846
354 355 3048
355 354 3048
355 356 3120
356 355 3120
355 357 1802
357 355 1802
358 359 1298
359 358 1298
358 360 1872
360 358 1872
361 358 2262
358 361 2262
362 361 782
361 362 782
361 363 1929
363 361 1929
364 349 473
349 364 473
349 362 402
362 349 402
364 362 556
362 364 556
365 364 373
364 365 373
366 365 1592
365 366 1592
367 348 1065
348 367 1065
368 367 6597
367 368 6597
369 370 1111
370 369 1111
367 369 824
369 367 824
369 371 3353
371 369 3353
372 373 2131
373 372 2131
374 375 1336
375 374 1336
266 374 2431
374 266 2431
374 268 2789
268 374 2789
376 268 2169
268 376 2169
376 377 5705
377 376 5705
378 376 4331
376 378 4331
283 379 4805
379 283 4805
284 380 6506
380 284 6506
380 381 2089
381 380 2089
381 380 2089
380 381 2089
382 378 2111
378 382 2111
378 383 3113
383 378 3113
382 381 1305
381 382 1305
384 382 2743
382 384 2743
385 384 419
384 385 419
386 387 238
387 386 238
385 386 2890
386 385 2890
388 385 1004
385 388 1004
389 390 889
390 389 889
391 284 2102
284 391 2102
391 392 1897
392 391 1897
393 391 2768
391 393 2768
394 395 1560
395 394 1560
396 393 7446
393 396 7446
397 396 335
396 397 335
398 397 1423
397 398 1423
399 397 3982
397 399 3982
393 394 3221
394 393 3221
400 401 2553
401 400 2553
402 388 610
388 402 610
394 402 3221
402 394 3221
403 402 4536
402 403 4536
388 389 948
389 388 948
404 403 1253
403 404 1253
405 403 3934
403 405 3934
406 404 2321
404 406 2321
400 407 2110
407 400 2110
405 400 2431
400 405 2431
408 398 2272
398 408 2272
398 405 5141
405 398 5141
409 410 1026
410 409 1026
409 411 2345
411 409 2345
389 412 3520
412 389 3520
413 414 2245
414 413 2245
415 409 2059
409 415 2059
415 416 1248
416 415 1248
368 415 2369
415 368 2369
417 368 1124
368 417 1124
418 417 1240
417 418 1240
418 419 2654
419 418 2654
420 418 3213
418 420 3213
419 421 1545
421 419 1545
419 422 3694
422 419 3694
422 420 275
420 422 275
423 422 438
422 423 438
424 425 3031
425 424 3031
426 427 2698
427 426 2698
428 413 2925
413 428 2925
428 429 1829
429 428 1829
423 428 474
428 423 474
430 423 275
423 430 275
430 428 679
428 430 679
431 432 4792
432 431 4792
433 434 452
434 433 452
435 433 3701
433 435 3701
435 404 1349
404 435 1349
436 435 4611
435 436 4611
433 437 2106
437 433 2106
437 438 1262
438 437 1262
437 439 2321
439 437 2321
438 440 1267
440 438 1267
441 406 4896
406 441 4896
406 442 2941
442 406 2941
441 443 2078
443 441 2078
444 441 926
441 444 926
445 444 4100
444 445 4100
446 447 1653
447 446 1653
448 449 515
449 448 515
449 450 222
450 449 222
451 449 1344
449 451 1344
452 453 660
453 452 660
454 455 1572
455 454 1572
451 454 353
454 451 353
451 456 778
456 451 778
457 451 433
451 457 433
454 458 667
458 454 667
459 460 1407
460 459 1407
444 461 1930
461 444 1930
461 462 1360
462 461 1360
461 463 1468
463 461 1468
459 464 1865
464 459 1865
438 465 1508
465 438 1508
466 465 1023
465 466 1023
466 467 1021
467 466 1021
436 468 1556
468 436 1556
469 436 1596
436 469 1596
470 471 749
471 470 749
446 469 1425
469 446 1425
469 470 1159
470 469 1159
426 466 824
466 426 824
472 426 1512
426 472 1512
431 472 597
472 431 597
473 431 774
431 473 774
474 473 388
473 474 388
474 475 2922
475 474 2922
476 474 926
474 476 926
477 448 87
448 477 87
475 471 926
471 475 926
478 479 9635
479 478 9635
480 479 671
479 480 671
453 477 499
477 453 499
453 446 888
446 453 888
457 452 765
452 457 765
481 457 2321
457 481 2321
481 459 2006
459 481 2006
482 481 1225
481 482 1225
462 483 2677
483 462 2677
483 484 1861
484 483 1861
482 483 353
483 482 353
485 482 6755
482 485 6755
486 487 2085
487 486 2085
486 488 4726
488 486 4726
489 486 2227
486 489 2227
490 489 2226
489 490 2226
489 491 418
491 489 418
492 493 1014
493 492 1014
494 495 1568
495 494 1568
496 492 333
492 496 333
496 159 6929
159 496 6929
497 496 1055
496 497 1055
498 492 402
492 498 402
499 497 3262
497 499 3262
494 500 3404
500 494 3404
501 494 7984
494 501 7984
499 502 1615
502 499 1615
162 499 2909
499 162 2909
503 162 9050
162 503 9050
501 504 1895
504 501 1895
504 505 924
505 504 924
506 501 6059
501 506 6059
504 507 3762
507 504 3762
508 509 1277
509 508 1277
510 511 3682
511 510 3682
511 512 817
512 511 817
511 513 3747
513 511 3747
507 514 868
514 507 868
514 515 577
515 514 577
516 517 3807
517 516 3807
507 518 2216
518 507 2216
519 520 902
520 519 902
521 522 2034
522 521 2034
523 521 275
521 523 275
523 524 1635
524 523 1635
524 525 222
525 524 222
525 522 222
522 525 222
522 526 1829
526 522 1829
527 524 2450
524 527 2450
528 519 2452
519 528 2452
528 529 1541
529 528 1541
530 528 1492
528 530 1492
516 530 2141
530 516 2141
531 532 5198
532 531 5198
519 533 4222
533 519 4222
533 531 1504
531 533 1504
531 534 2409
534 531 2409
530 535 2023
535 530 2023
536 535 3183
535 536 3183
535 533 1904
533 535 1904
533 537 1879
537 533 1879
538 539 2076
539 538 2076
540 541 2430
541 540 2430
540 527 3105
527 540 3105
538 527 4622
527 538 4622
542 538 1950
538 542 1950
542 540 2746
540 542 2746
543 542 3231
542 543 3231
544 545 1256
545 544 1256
546 544 3808
544 546 3808
547 534 3291
534 547 3291
544 548 1940
548 544 1940
549 547 3959
547 549 3959
547 550 251
550 547 251
550 551 1275
551 550 1275
551 546 2044
546 551 2044
551 552 2982
552 551 2982
553 543 476
543 553 476
554 555 1897
555 554 1897
556 554 333
554 556 333
556 553 557
553 556 557
557 556 1004
556 557 1004
557 553 696
553 557 696
558 557 737
557 558 737
559 558 1294
558 559 1294
559 560 4292
560 559 4292
561 559 1124
559 561 1124
558 562 1672
562 558 1672
563 564 2875
564 563 2875
565 566 1511
566 565 1511
563 546 2038
546 563 2038
567 563 1219
563 567 1219
568 567 1919
567 568 1919
567 569 373
569 567 373
569 570 1539
570 569 1539
568 570 2207
570 568 2207
571 568 1031
568 571 1031
561 572 3384
572 561 3384
573 561 778
561 573 778
569 574 2199
574 569 2199
565 573 452
573 565 452
573 575 1762
575 573 1762
570 576 1065
576 570 1065
577 578 4305
578 577 4305
578 579 2277
579 578 2277
575 580 1058
580 575 1058
575 581 1004
581 575 1004
581 582 670
582 581 670
581 583 787
583 581 787
583 584 687
584 583 687
583 585 870
585 583 870
586 587 4574
587 586 4574
588 589 2843
589 588 2843
579 590 679
590 579 679
591 590 712
590 591 712
591 579 696
579 591 696
590 592 627
592 590 627
592 593 5460
593 592 5460
592 588 335
588 592 335
588 594 785
594 588 785
594 595 5353
595 594 5353
596 586 2524
586 596 2524
597 586 8456
586 597 8456
598 596 2062
596 598 2062
587 591 3139
591 587 3139
587 599 2716
599 587 2716
596 600 2918
600 596 2918
600 601 1662
601 600 1662
600 602 1895
602 600 1895
594 603 1417
603 594 1417
604 605 2642
605 604 2642
604 606 875
606 604 875
607 608 3310
608 607 3310
605 609 1906
609 605 1906
609 610 2370
610 609 2370
605 607 1999
607 605 1999
609 611 1750
611 609 1750
586 612 5002
612 586 5002
602 613 5634
613 602 5634
602 614 2395
614 602 2395
615 614 2917
614 615 2917
616 615 610
615 616 610
509 617 2018
617 509 2018
618 506 2509
506 618 2509
503 509 1759
509 503 1759
619 503 3015
503 619 3015
620 618 3978
618 620 3978
619 621 1948
621 619 1948
622 619 3868
619 622 3868
621 623 2125
623 621 2125
621 624 2690
624 621 2690
339 625 8343
625 339 8343
626 506 2551
506 626 2551
334 322 1659
322 334 1659
510 626 1760
626 510 1760
618 627 2166
627 618 2166
627 628 2778
628 627 2778
627 510 3482
510 627 3482
629 630 3802
630 629 3802
631 622 402
622 631 402
622 620 1780
620 622 1780
334 632 930
632 334 930
620 633 1881
633 620 1881
634 631 238
631 634 238
635 634 1159
634 635 1159
625 636 303
636 625 303
635 637 511
637 635 511
636 635 177
635 636 177
638 635 883
635 638 883
637 639 875
639 637 875
639 640 168
640 639 168
641 638 452
638 641 452
642 641 452
641 642 452
643 642 581
642 643 581
644 643 1454
643 644 1454
640 645 1584
645 640 1584
646 647 417
647 646 417
642 646 1621
646 642 1621
646 648 2277
648 646 2277
648 649 1004
649 648 1004
643 649 3392
649 643 3392
649 650 1014
650 649 1014
363 651 2028
651 363 2028
363 652 1846
652 363 1846
366 653 1595
653 366 1595
365 654 2097
654 365 2097
655 653 2348
653 655 2348
652 656 2561
656 652 2561
652 657 2121
657 652 2121
658 655 2109
655 658 2109
653 658 1176
658 653 1176
655 658 2109
658 655 2109
659 366 3188
366 659 3188
659 372 1102
372 659 1102
660 659 990
659 660 990
372 661 2927
661 372 2927
373 662 1712
662 373 1712
662 373 1712
373 662 1712
660 655 1292
655 660 1292
663 660 6311
660 663 6311
664 665 1951
665 664 1951
666 644 1796
644 666 1796
667 668 1793
668 667 1793
669 666 2879
666 669 2879
644 670 2285
670 644 2285
670 671 1113
671 670 1113
666 670 2915
670 666 2915
672 669 4831
669 672 4831
669 673 762
673 669 762
674 675 1139
675 674 1139
676 674 1267
674 676 1267
674 663 1905
663 674 1905
677 663 4216
663 677 4216
630 516 1565
516 630 1565
630 678 845
678 630 845
629 679 2778
679 629 2778
679 680 2177
680 679 2177
681 629 1897
629 681 1897
536 549 473
549 536 473
549 682 1161
682 549 1161
679 536 2621
536 679 2621
682 683 1340
683 682 1340
681 684 3680
684 681 3680
648 685 2513
685 648 2513
645 681 3700
681 645 3700
685 681 1492
681 685 1492
686 685 1332
685 686 1332
687 686 835
686 687 835
688 687 1829
687 688 1829
689 690 1675
690 689 1675
687 691 1855
691 687 1855
692 693 1234
693 692 1234
694 689 1031
689 694 1031
692 689 1099
689 692 1099
695 692 1089
692 695 1089
696 697 729
697 696 729
696 698 584
698 696 584
688 696 738
696 688 738
699 688 696
688 699 696
699 700 1000
700 699 1000
698 701 6583
701 698 6583
698 702 3673
702 698 3673
694 699 671
699 694 671
683 703 1062
703 683 1062
683 704 1975
704 683 1975
695 705 4039
705 695 4039
706 705 2222
705 706 2222
705 707 3343
707 705 3343
708 709 2281
709 708 2281
684 710 4266
710 684 4266
710 708 251
708 710 251
711 712 1059
712 711 1059
713 711 1031
711 713 1031
706 714 2320
714 706 2320
711 706 1014
706 711 1014
715 716 2457
716 715 2457
717 695 762
695 717 762
717 718 1124
718 717 1124
719 720 1004
720 719 1004
718 694 2438
694 718 2438
719 718 1089
718 719 1089
721 719 1029
719 721 1029
722 723 1626
723 722 1626
713 724 845
724 713 845
725 713 1111
713 725 1111
726 725 1565
725 726 1565
726 727 1366
727 726 1366
728 729 713
729 728 713
716 730 562
730 716 562
731 716 837
716 731 837
725 732 1011
732 725 1011
728 721 251
721 728 251
721 722 1719
722 721 1719
733 728 1872
728 733 1872
722 734 2783
734 722 2783
735 736 808
736 735 808
736 737 1338
737 736 1338
736 738 1005
738 736 1005
701 739 3192
739 701 3192
673 740 3047
740 673 3047
702 741 905
741 702 905
702 742 2000
742 702 2000
741 743 373
743 741 373
743 744 1119
744 743 1119
743 745 433
745 743 433
746 747 1160
747 746 1160
744 746 1114
746 744 1114
746 748 1721
748 746 1721
749 672 2570
672 749 2570
667 750 1207
750 667 1207
751 752 201
752 751 201
752 753 847
753 752 847
749 751 557
751 749 557
677 749 1504
749 677 1504
754 677 1576
677 754 1576
755 677 4306
677 755 4306
756 757 2138
757 756 2138
758 759 1492
759 758 1492
752 756 1572
756 752 1572
756 760 1412
760 756 1412
761 762 238
762 761 238
762 763 1021
763 762 1021
764 762 1424
762 764 1424
763 765 1530
765 763 1530
758 766 353
766 758 353
760 758 889
758 760 889
764 760 1114
760 764 1114
763 767 679
767 763 679
768 764 251
764 768 251
769 768 948
768 769 948
744 770 1024
770 744 1024
734 771 2338
771 734 2338
734 772 1011
772 734 1011
773 772 1466
772 773 1466
771 773 1844
773 771 1844
774 746 1349
746 774 1349
775 776 667
776 775 667
777 775 2264
775 777 2264
778 775 1267
775 778 1267
772 735 1343
735 772 1343
779 735 2823
735 779 2823
773 780 1436
780 773 1436
781 774 2939
774 781 2939
782 783 268
783 782 268
784 781 1000
781 784 1000
785 786 1762
786 785 1762
782 787 687
787 782 687
788 782 1679
782 788 1679
784 774 2764
774 784 2764
789 784 511
784 789 511
789 790 1027
790 789 1027
791 789 921
789 791 921
790 776 2410
776 790 2410
792 790 778
790 792 778
777 792 562
792 777 562
792 793 679
793 792 679
794 777 1159
777 794 1159
791 793 1904
793 791 1904
793 795 419
795 793 419
778 796 1193
796 778 1193
794 778 1345
778 794 1345
797 794 402
794 797 402
798 794 1621
794 798 1621
799 797 3379
797 799 3379
798 800 1392
800 798 1392
798 801 2299
801 798 2299
802 800 335
800 802 335
800 801 1806
801 800 1806
803 802 627
802 803 627
801 769 1669
769 801 1669
804 769 1872
769 804 1872
805 806 1607
806 805 1607
807 808 2767
808 807 2767
807 803 1637
803 807 1637
803 809 3701
809 803 3701
810 811 1686
811 810 1686
812 813 1790
813 812 1790
814 815 1345
815 814 1345
816 810 2473
810 816 2473
417 817 3117
817 417 3117
818 819 603
819 818 603
820 818 2682
818 820 2682
420 432 3901
432 420 3901
820 818 2682
818 820 2682
821 820 2784
820 821 2784
822 823 1343
823 822 1343
824 825 2762
825 824 2762
826 827 2519
827 826 2519
828 826 1005
826 828 1005
829 826 2169
826 829 2169
676 830 1750
830 676 1750
821 676 2810
676 821 2810
831 821 1375
821 831 1375
832 831 3653
831 832 3653
833 834 1160
834 833 1160
835 833 4001
833 835 4001
831 836 1312
836 831 1312
837 835 3288
835 837 3288
838 835 1124
835 838 1124
839 822 3442
822 839 3442
839 822 3442
822 839 3442
840 839 786
839 840 786
824 840 2347
840 824 2347
840 832 1694
832 840 1694
837 832 1881
832 837 1881
828 824 1267
824 828 1267
841 828 1621
828 841 1621
842 843 2446
843 842 2446
841 842 1204
842 841 1204
844 837 1031
837 844 1031
843 844 1457
844 843 1457
845 838 2557
838 845 2557
845 844 2264
844 845 2264
842 846 503
846 842 503
846 847 3024
847 846 3024
843 845 3194
845 843 3194
476 848 344
848 476 344
849 476 402
476 849 402
848 480 3358
480 848 3358
849 848 433
848 849 433
850 849 1810
849 850 1810
829 851 1924
851 829 1924
852 850 2479
850 852 2479
852 853 2084
853 852 2084
854 852 511
852 854 511
855 829 608
829 855 608
856 855 4916
855 856 4916
857 854 2650
854 857 2650
854 856 2535
856 854 2535
856 858 1978
858 856 1978
859 490 2102
490 859 2102
490 860 1143
860 490 1143
861 857 3201
857 861 3201
862 857 1670
857 862 1670
863 860 3034
860 863 3034
863 864 1786
864 863 1786
862 863 550
863 862 550
865 862 1609
862 865 1609
866 841 1797
841 866 1797
866 867 2207
867 866 2207
868 866 796
866 868 796
869 868 3042
868 869 3042
868 870 1708
870 868 1708
858 869 1114
869 858 1114
870 871 1112
871 870 1112
870 872 1827
872 870 1827
871 873 1014
873 871 1014
869 874 3931
874 869 3931
871 875 1873
875 871 1873
876 858 2223
858 876 2223
861 876 333
876 861 333
874 876 1607
876 874 1607
865 861 2239
861 865 2239
877 865 1257
865 877 1257
878 877 926
877 878 926
878 879 3064
879 878 3064
880 878 1408
878 880 1408
881 882 488
882 881 488
883 884 611
884 883 611
885 883 845
883 885 845
880 883 808
883 880 808
877 886 3100
886 877 3100
883 886 2590
886 883 2590
886 887 1626
887 886 1626
888 885 762
885 888 762
889 885 1483
885 889 1483
890 888 336
888 890 336
891 754 924
754 891 924
833 891 1762
891 833 1762
892 754 4543
754 892 4543
893 891 3728
891 893 3728
835 893 2469
893 835 2469
894 893 1267
893 894 1267
895 894 1375
894 895 1375
896 897 474
897 896 474
765 898 535
898 765 535
898 899 713
899 898 713
898 900 762
900 898 762
896 755 475
755 896 475
901 755 1252
755 901 1252
901 902 1222
902 901 1222
903 902 1428
902 903 1428
904 892 1375
892 904 1375
892 905 353
905 892 353
894 904 1276
904 894 1276
906 901 611
901 906 611
904 896 3152
896 904 3152
838 907 1005
907 838 1005
908 909 2080
909 908 2080
908 845 1261
845 908 1261
910 908 2016
908 910 2016
847 846 3024
846 847 3024
911 847 2234
847 911 2234
912 895 2138
895 912 2138
913 912 667
912 913 667
912 914 1670
914 912 1670
895 915 1381
915 895 1381
913 910 1803
910 913 1803
916 913 1729
913 916 1729
917 916 2340
916 917 2340
900 918 1445
918 900 1445
902 900 1559
900 902 1559
903 804 2340
804 903 2340
919 920 508
920 919 508
921 809 706
809 921 706
922 923 1336
923 922 1336
924 906 333
906 924 333
925 924 687
924 925 687
906 903 1852
903 906 1852
925 926 1062
926 925 1062
927 925 983
925 927 983
928 929 2085
929 928 2085
923 930 373
930 923 373
930 919 1994
919 930 1994
921 931 1031
931 921 1031
811 921 473
921 811 473
932 811 2286
811 932 2286
933 934 556
934 933 556
935 933 1031
933 935 1031
936 933 1436
933 936 1436
935 923 928
923 935 928
936 935 1029
935 936 1029
937 938 201
938 937 201
939 937 875
937 939 875
937 940 2558
940 937 2558
941 936 1572
936 941 1572
939 942 649
942 939 649
943 939 1359
939 943 1359
944 928 2016
928 944 2016
945 946 333
946 945 333
928 945 1005
945 928 1005
947 945 1906
945 947 1906
948 944 1014
944 948 1014
949 948 1084
948 949 1084
947 944 1011
944 947 1011
919 927 451
927 919 451
950 951 1976
951 950 1976
952 949 5287
949 952 5287
953 954 1095
954 953 1095
955 953 2933
953 955 2933
953 956 1679
956 953 1679
955 947 2121
947 955 2121
957 955 1111
955 957 1111
957 948 2951
948 957 2951
958 957 556
957 958 556
959 958 344
958 959 344
959 949 2635
949 959 2635
960 959 344
959 960 344
961 960 557
960 961 557
962 960 3437
960 962 3437
963 961 679
961 963 679
961 964 1027
964 961 1027
965 966 670
966 965 670
875 966 2138
966 875 2138
875 967 419
967 875 419
966 968 586
968 966 586
911 875 3534
875 911 3534
917 911 948
911 917 948
969 917 9913
917 969 9913
970 971 1345
971 970 1345
971 972 847
972 971 847
972 970 1342
970 972 1342
973 974 503
974 973 503
973 975 983
975 973 983
976 973 1340
973 976 1340
887 881 1445
881 887 1445
977 881 2755
881 977 2755
885 887 2612
887 885 2612
888 978 1392
978 888 1392
979 980 474
980 979 474
981 982 168
982 981 168
981 975 817
975 981 817
983 975 1173
975 983 1173
984 981 786
981 984 786
984 985 418
985 984 418
986 987 1479
987 986 1479
986 979 473
979 986 473
988 986 1007
986 988 1007
988 979 1479
979 988 1479
987 988 473
988 987 473
977 969 924
969 977 924
980 969 503
969 980 503
989 977 893
977 989 893
990 989 445
989 990 445
990 890 2920
890 990 2920
991 990 5951
990 991 5951
992 993 643
993 992 643
992 970 515
970 992 515
993 992 643
992 993 643
976 983 1065
983 976 1065
993 994 279
994 993 279
995 976 1023
976 995 1023
995 996 1161
996 995 1161
996 987 2783
987 996 2783
997 996 888
996 997 888
994 995 250
995 994 250
998 994 224
994 998 224
998 999 1137
999 998 1137
952 1000 1606
1000 952 1606
1001 952 1360
952 1001 1360
1002 952 980
952 1002 980
1001 1002 1334
1002 1001 1334
1000 998 1305
998 1000 1305
1003 1000 1076
1000 1003 1076
999 1004 473
1004 999 473
997 1005 945
1005 997 945
1006 1007 1257
1007 1006 1257
1003 999 1392
999 1003 1392
1008 1003 1112
1003 1008 1112
1008 1001 796
1001 1008 796
1009 1001 1540
1001 1009 1540
1010 1008 2007
1008 1010 2007
983 984 1204
984 983 1204
1011 997 1204
997 1011 1204
1012 1013 2118
1013 1012 2118
1014 1013 1023
1013 1014 1023
1012 989 4325
989 1012 4325
1015 1012 1445
1012 1015 1445
1016 1012 948
1012 1016 948
1017 1015 1375
1015 1017 1375
1011 1018 550
1018 1011 550
1019 1020 855
1020 1019 855
1016 1014 1454
1014 1016 1454
1021 1022 402
1022 1021 402
1023 1021 1423
1021 1023 1423
1006 1011 1298
1011 1006 1298
1010 1006 1479
1006 1010 1479
1024 1010 1083
1010 1024 1083
1025 1021 1375
1021 1025 1375
1026 1025 1360
1025 1026 1360
1027 1023 333
1023 1027 333
1015 1028 1345
1028 1015 1345
1029 1030 905
1030 1029 905
1031 1014 1941
1014 1031 1941
1031 1016 1690
1016 1031 1690
1032 1033 475
1033 1032 475
1033 1034 2105
1034 1033 2105
552 571 344
571 552 344
1035 552 344
552 1035 344
1036 1035 511
1035 1036 511
1037 1036 672
1036 1037 672
597 1038 866
1038 597 866
709 1037 1846
1037 709 1846
1039 1037 905
1037 1039 905
1033 1039 452
1039 1033 452
714 1032 924
1032 714 924
715 714 905
714 715 905
731 715 2152
715 731 2152
1037 1040 1896
1040 1037 1896
1034 1041 2082
1041 1034 2082
1040 597 335
597 1040 335
1042 1043 1399
1043 1042 1399
733 731 4112
731 733 4112
1044 1045 1396
1045 1044 1396
1042 1046 4200
1046 1042 4200
733 1047 1385
1047 733 1385
1044 1048 2114
1048 1044 2114
1049 733 1234
733 1049 1234
1050 1049 893
1049 1050 893
1049 1051 2716
1051 1049 2716
1050 1052 2203
1052 1050 2203
1053 1050 778
1050 1053 778
1051 1054 2948
1054 1051 2948
1054 1055 261
1055 1054 261
1052 1056 562
1056 1052 562
1051 1057 139
1057 1051 139
1057 1052 835
1052 1057 835
1057 1058 1221
1058 1057 1221
1059 1060 2747
1060 1059 2747
1058 1059 1065
1059 1058 1065
1034 1061 2716
1061 1034 2716
1062 1063 904
1063 1062 904
1046 1064 1536
1064 1046 1536
1062 1065 1145
1065 1062 1145
1046 1066 2181
1066 1046 2181
1059 1067 1477
1067 1059 1477
1068 1067 1796
1067 1068 1796
1060 1069 373
1069 1060 373
1067 1060 1304
1060 1067 1304
1066 1070 2948
1070 1066 2948
1066 1071 1177
1071 1066 1177
1072 1071 4272
1071 1072 4272
1070 1073 845
1073 1070 845
1074 1070 1423
1070 1074 1423
1075 1076 608
1076 1075 608
1075 1077 1542
1077 1075 1542
1078 1075 2205
1075 1078 2205
1079 1078 3593
1078 1079 3593
779 1053 556
1053 779 556
1053 1056 2096
1056 1053 2096
1080 779 1000
779 1080 1000
785 1080 333
1080 785 333
1080 1081 2100
1081 1080 2100
788 785 1334
785 788 1334
1082 1083 1089
1083 1082 1089
1056 1082 889
1082 1056 889
1082 1084 667
1084 1082 667
1085 1086 578
1086 1085 578
1087 788 1225
788 1087 1225
1087 791 1428
791 1087 1428
1088 1087 672
1087 1088 672
1089 1088 562
1088 1089 562
1090 1089 344
1089 1090 344
795 1090 2022
1090 795 2022
805 1090 1336
1090 805 1336
1088 1091 980
1091 1088 980
1091 1092 945
1092 1091 945
1093 1092 2783
1092 1093 2783
1092 1094 1890
1094 1092 1890
1058 1068 1595
1068 1058 1595
1095 1096 556
1096 1095 556
1097 1095 1626
1095 1097 1626
1091 1085 1606
1085 1091 1606
1085 1098 974
1098 1085 974
1092 1098 1471
1098 1092 1471
1094 1098 2229
1098 1094 2229
1098 1095 1872
1095 1098 1872
1099 1100 2578
1100 1099 2578
1100 1101 1573
1101 1100 1573
799 805 1000
805 799 1000
1102 799 562
799 1102 562
1102 807 1690
807 1102 1690
1103 1102 1392
1102 1103 1392
1104 1093 1919
1093 1104 1919
1093 1105 679
1105 1093 679
1104 1103 1094
1103 1104 1094
814 1103 1248
1103 814 1248
1106 1104 1206
1104 1106 1206
1107 814 893
814 1107 893
816 812 905
812 816 905
812 1107 238
1107 812 238
1107 1108 1219
1108 1107 1219
932 816 1031
816 932 1031
1108 1109 1134
1109 1108 1134
1105 1110 1333
1110 1105 1333
1105 1094 1767
1094 1105 1767
1106 1110 2084
1110 1106 2084
1110 1099 706
1099 1110 706
1099 1111 1345
1111 1099 1345
1108 1106 2087
1106 1108 2087
1109 1112 672
1112 1109 672
1113 1114 1242
1114 1113 1242
1115 1112 889
1112 1115 889
1112 1116 3278
1116 1112 3278
1117 1118 2278
1118 1117 2278
1068 1119 2265
1119 1068 2265
1097 1120 1457
1120 1097 1457
1119 1079 1852
1079 1119 1852
1100 1097 2948
1097 1100 2948
1111 1101 2044
1101 1111 2044
1101 1121 1277
1121 1101 1277
1122 1123 870
1123 1122 870
1101 1124 1343
1124 1101 1343
1124 1125 2023
1125 1124 2023
1119 1126 1219
1126 1119 1219
1079 1127 2304
1127 1079 2304
1122 1128 549
1128 1122 549
1129 1128 4088
1128 1129 4088
1124 1122 1713
1122 1124 1713
1128 1127 1193
1127 1128 1193
1127 1130 1406
1130 1127 1406
1131 1111 3997
1111 1131 3997
1132 1133 687
1133 1132 687
1132 1134 1059
1134 1132 1059
1117 1132 1919
1132 1117 1919
1135 1131 445
1131 1135 445
1131 1136 2737
1136 1131 2737
1135 1117 1178
1117 1135 1178
1137 1135 1004
1135 1137 1004
1138 1137 1344
1137 1138 1344
1137 1139 2434
1139 1137 2434
1111 1140 2229
1140 1111 2229
1136 1141 1344
1141 1136 1344
1136 1142 597
1142 1136 597
1143 1144 1414
1144 1143 1414
1145 1146 3744
1146 1145 3744
1147 598 1591
598 1147 1591
1148 7 2340
7 1148 2340
1145 1148 2596
1148 1145 2596
1072 1148 1796
1148 1072 1796
1148 1149 2761
1149 1148 2761
1150 1078 1511
1078 1150 1511
1150 29 659
29 1150 659
1151 1150 5673
1150 1151 5673
30 1152 1000
1152 30 1000
1153 1072 5191
1072 1153 5191
1154 1153 4365
1153 1154 4365
598 1155 4116
1155 598 4116
1147 1156 3765
1156 1147 3765
1149 1157 1559
1157 1149 1559
1158 1159 1248
1159 1158 1248
1149 1158 1814
1158 1149 1814
1160 616 1356
616 1160 1356
613 1161 1119
1161 613 1119
1161 1162 1528
1162 1161 1528
1161 1163 1113
1163 1161 1113
1158 1164 1443
1164 1158 1443
1165 1166 672
1166 1165 672
1167 1165 928
1165 1167 928
1168 1165 2458
1165 1168 2458
1165 1169 1261
1169 1165 1261
1170 1171 746
1171 1170 746
1172 1173 2731
1173 1172 2731
1130 1174 1539
1174 1130 1539
1130 1151 974
1151 1130 974
1172 1151 762
1151 1172 762
1129 1175 1525
1175 1129 1525
1176 1172 2245
1172 1176 2245
1174 1129 1188
1129 1174 1188
1174 1177 1951
1177 1174 1951
1178 1154 1906
1154 1178 1906
1176 1178 580
1178 1176 580
1177 1176 1611
1176 1177 1611
1179 1177 1876
1177 1179 1876
1178 1180 1276
1180 1178 1276
1181 1182 1968
1182 1181 1968
1183 1181 1082
1181 1183 1082
1182 1179 3963
1179 1182 3963
1184 1185 1340
1185 1184 1340
1182 1186 1939
1186 1182 1939
1186 1187 1572
1187 1186 1572
1188 1167 2458
1167 1188 2458
1188 1154 1790
1154 1188 1790
1168 1188 928
1188 1168 928
1189 1168 335
1168 1189 335
1190 1189 1014
1189 1190 1014
1191 1189 1256
1189 1191 1256
1169 1192 778
1192 1169 778
1192 1193 333
1193 1192 333
1193 1194 433
1194 1193 433
1193 1191 1225
1191 1193 1225
1190 1180 2445
1180 1190 2445
1195 1190 1114
1190 1195 1114
1196 1191 1549
1191 1196 1549
10 1197 1068
1197 10 1068
1198 1199 111
1199 1198 111
1199 1184 2113
1184 1199 2113
1180 1195 2261
1195 1180 2261
1200 1195 1063
1195 1200 1063
1201 1200 676
1200 1201 676
1202 1201 844
1201 1202 844
1203 1202 1428
1202 1203 1428
5 1204 1921
1204 5 1921
1205 1196 706
1196 1205 706
1196 1206 1161
1206 1196 1161
1170 1192 1814
1192 1170 1814
1207 1208 672
1208 1207 672
1209 1207 562
1207 1209 562
1209 1207 562
1207 1209 562
1205 1210 2113
1210 1205 2113
1211 1205 837
1205 1211 837
1211 1209 1575
1209 1211 1575
1195 1190 1114
1190 1195 1114
1210 1212 2375
1212 1210 2375
1213 1210 353
1210 1213 353
1214 1213 2138
1213 1214 2138
1203 1184 1172
1184 1203 1172
1186 1215 3015
1215 1186 3015
1216 1203 2933
1203 1216 2933
1187 1217 928
1217 1187 928
1215 1187 2575
1187 1215 2575
1215 1216 1137
1216 1215 1137
1218 1216 3029
1216 1218 3029
5 1219 3382
1219 5 3382
1181 1220 2205
1220 1181 2205
1214 5 1345
5 1214 1345
1221 1214 1089
1214 1221 1089
1222 1214 1398
1214 1222 1398
1223 1224 1786
1224 1223 1786
1225 1226 1504
1226 1225 1504
1227 932 2783
932 1227 2783
1227 1228 2086
1228 1227 2086
941 1227 1786
1227 941 1786
1229 1228 3064
1228 1229 3064
1230 941 1334
941 1230 1334
953 943 1031
943 953 1031
943 1230 373
1230 943 373
1230 1231 1686
1231 1230 1686
1232 1233 596
1233 1232 596
1231 1234 704
1234 1231 704
956 1231 950
1231 956 950
1231 1235 2204
1235 1231 2204
1236 1113 465
1113 1236 465
1228 1236 880
1236 1228 880
1237 1236 2522
1236 1237 2522
1238 1115 2143
1115 1238 2143
1229 1237 1111
1237 1229 1111
1239 1237 2094
1237 1239 2094
1235 1240 768
1240 1235 768
1240 1241 954
1241 1240 954
1242 1241 1084
1241 1242 1084
956 1235 2574
1235 956 2574
958 1243 1173
1243 958 1173
1243 1244 679
1244 1243 679
963 1243 1222
1243 963 1222
1245 1244 672
1244 1245 672
964 963 667
963 964 667
1246 963 948
963 1246 948
962 964 2118
964 962 2118
1246 1245 924
1245 1246 924
1247 1246 6208
1246 1247 6208
1245 1248 598
1248 1245 598
1249 1246 1100
1246 1249 1100
1249 1250 2339
1250 1249 2339
1251 1252 921
1252 1251 921
1253 1252 2688
1252 1253 2688
1251 1254 445
1254 1251 445
1255 1251 2371
1251 1255 2371
1256 1257 1014
1257 1256 1014
1256 1258 1638
1258 1256 1638
1259 1256 511
1256 1259 511
1260 1261 1300
1261 1260 1300
1260 1259 335
1259 1260 335
1261 1262 308
1262 1261 308
1261 1263 402
1263 1261 402
1259 1249 1406
1249 1259 1406
1253 1260 736
1260 1253 736
1255 1253 1059
1253 1255 1059
1238 1115 2143
1115 1238 2143
1116 1238 845
1238 1116 845
1138 1116 921
1116 1138 921
1264 1138 556
1138 1264 556
1239 1264 556
1264 1239 556
1265 1239 1014
1239 1265 1014
1265 1229 2264
1229 1265 2264
1266 1265 2170
1265 1266 2170
1267 1242 1059
1242 1267 1059
1267 1268 2424
1268 1267 2424
1241 1269 2203
1269 1241 2203
1269 1267 824
1267 1269 824
1270 1265 867
1265 1270 867
1270 1266 2358
1266 1270 2358
1143 1264 3017
1264 1143 3017
1271 1270 1011
1270 1271 1011
1272 1271 670
1271 1272 670
1273 1271 3113
1271 1273 3113
1274 1143 2155
1143 1274 2155
1275 1272 1005
1272 1275 1005
1276 1272 3094
1272 1276 3094
1277 1266 817
1266 1277 817
1277 1269 980
1269 1277 980
1278 1277 782
1277 1278 782
1279 1278 1000
1278 1279 1000
1280 1278 4525
1278 1280 4525
1273 1277 1178
1277 1273 1178
1281 1242 3262
1242 1281 3262
1282 1281 787
1281 1282 787
1283 1282 787
1282 1283 787
1284 1283 417
1283 1284 417
1285 1284 754
1284 1285 754
1282 1255 1381
1255 1282 1381
1286 1279 1161
1279 1286 1161
1287 1288 2674
1288 1287 2674
1286 1289 1345
1289 1286 1345
1290 1285 1257
1285 1290 1257
1290 1286 1204
1286 1290 1204
1291 1290 251
1290 1291 251
1291 1292 1663
1292 1291 1663
1293 1291 611
1291 1293 611
1294 1293 402
1293 1294 402
1295 1296 688
1296 1295 688
1297 1298 3444
1298 1297 3444
1298 1299 2532
1299 1298 2532
1294 1295 1454
1295 1294 1454
1300 1294 902
1294 1300 902
1295 1301 687
1301 1295 687
1302 1295 845
1295 1302 845
1002 962 1267
962 1002 1267
1303 1304 1059
1304 1303 1059
1009 1305 1139
1305 1009 1139
1306 1307 1347
1307 1306 1347
1306 1297 455
1297 1306 455
1307 1308 2826
1308 1307 2826
1024 1025 1076
1025 1024 1076
1309 1024 1479
1024 1309 1479
1026 1023 948
1023 1026 948
1309 1026 1223
1026 1309 1223
1310 1309 1280
1309 1310 1280
1311 1031 1177
1031 1311 1177
1019 1311 474
1311 1019 474
1312 1009 4886
1009 1312 4886
1313 1314 1122
1314 1313 1122
1310 1019 2392
1019 1310 2392
1315 1310 671
1310 1315 671
1316 1315 1113
1315 1316 1113
1312 1317 3610
1317 1312 3610
1318 1312 696
1312 1318 696
1315 1319 945
1319 1315 945
1319 1318 1028
1318 1319 1028
1320 1318 1305
1318 1320 1305
1321 1316 847
1316 1321 847
1319 1322 1767
1322 1319 1767
1323 1019 5062
1019 1323 5062
1324 1321 824
1321 1324 824
1325 1285 1396
1285 1325 1396
1326 1321 1021
1321 1326 1021
1323 1327 1176
1327 1323 1176
1327 1326 983
1326 1327 983
1328 1327 1065
1327 1328 1065
1329 1330 963
1330 1329 963
1307 1329 1311
1329 1307 1311
1308 1299 1288
1299 1308 1288
1299 1331 5057
1331 1299 5057
1332 1333 452
1333 1332 452
1331 1334 732
1334 1331 732
1316 1320 2078
1320 1316 2078
1335 1320 847
1320 1335 847
1317 1331 511
1331 1317 511
1336 1317 905
1317 1336 905
1321 1335 2078
1335 1321 2078
1337 1335 847
1335 1337 847
1326 1337 1971
1337 1326 1971
1338 1337 1322
1337 1338 1322
1327 1338 1925
1338 1327 1925
1339 1338 950
1338 1339 950
1328 1339 1686
1339 1328 1686
1340 1339 1360
1339 1340 1360
1318 1336 3277
1336 1318 3277
1341 1336 1124
1336 1341 1124
1342 1343 353
1343 1342 353
1344 1343 1398
1343 1344 1398
1320 1341 2600
1341 1320 2600
1345 1341 1004
1341 1345 1004
1341 1346 948
1346 1341 948
1346 1347 2007
1347 1346 2007
1346 1344 515
1344 1346 515
1348 1349 1779
1349 1348 1779
1335 1345 2305
1345 1335 2305
1350 1345 889
1345 1350 889
1337 1350 1956
1350 1337 1956
1350 1347 1012
1347 1350 1012
1347 1351 535
1351 1347 535
1348 1351 906
1351 1348 906
1351 1352 4446
1352 1351 4446
1183 1353 891
1353 1183 891
1354 1275 883
1275 1354 883
1274 1183 1104
1183 1274 1104
1355 1274 1111
1274 1355 1111
1356 1354 2248
1354 1356 2248
1276 1273 1345
1273 1276 1345
1356 1276 1005
1276 1356 1005
1357 1356 1029
1356 1357 1029
1354 1355 948
1355 1354 948
1358 1355 1827
1355 1358 1827
1357 1358 889
1358 1357 889
1359 1357 238
1357 1359 238
1280 1359 667
1359 1280 667
1360 1361 2032
1361 1360 2032
1355 1360 1358
1360 1355 1358
1362 1360 452
1360 1362 452
1363 1 2428
1 1363 2428
1358 1363 1178
1363 1358 1178
1363 1364 1095
1364 1363 1095
1364 1365 1741
1365 1364 1741
1364 1366 515
1366 1364 515
1367 1359 2492
1359 1367 2492
1368 1367 2445
1367 1368 2445
1367 1366 1611
1366 1367 1611
1366 1369 335
1369 1366 335
1369 1370 2039
1370 1369 2039
1371 1372 1763
1372 1371 1763
1287 1280 1000
1280 1287 1000
1371 1287 1222
1287 1371 1222
1373 1371 1111
1371 1373 1111
1374 1373 445
1373 1374 445
1300 1302 1234
1302 1300 1234
1375 1300 948
1300 1375 948
1302 1376 889
1376 1302 889
1377 1375 548
1375 1377 548
1376 1378 562
1378 1376 562
1378 1332 1583
1332 1378 1583
1376 1379 679
1379 1376 679
1380 1378 1076
1378 1380 1076
1381 1377 1122
1377 1381 1122
1374 1375 1071
1375 1374 1071
1382 1374 445
1374 1382 445
1383 1382 1000
1382 1383 1000
1384 1382 1340
1382 1384 1340
1381 1383 667
1383 1381 667
1385 1381 672
1381 1385 672
1386 1385 2223
1385 1386 2223
1387 1385 1234
1385 1387 1234
1388 1368 1454
1368 1388 1454
1368 1389 1428
1389 1368 1428
1390 1384 556
1384 1390 556
1391 1384 838
1384 1391 838
1391 1388 452
1388 1391 452
1392 1388 948
1388 1392 948
1393 1391 893
1391 1393 893
1393 1394 744
1394 1393 744
1395 1393 445
1393 1395 445
1396 1392 1565
1392 1396 1565
1397 1392 1111
1392 1397 1111
1398 1395 1234
1395 1398 1234
1386 1398 222
1398 1386 222
1398 1399 2023
1399 1398 2023
1400 1386 556
1386 1400 556
1395 1396 921
1396 1395 921
1401 1218 1827
1218 1401 1827
1223 1218 1094
1218 1223 1094
1402 1401 1271
1401 1402 1271
1403 1401 1900
1401 1403 1900
1404 1405 191
1405 1404 191
1369 1403 2003
1403 1369 2003
1406 1403 1478
1403 1406 1478
1370 1407 1072
1407 1370 1072
1389 1408 2445
1408 1389 2445
1402 1223 2496
1223 1402 2496
1225 1223 1512
1223 1225 1512
1404 1409 1004
1409 1404 1004
1410 1404 3603
1404 1410 3603
1411 1225 1114
1225 1411 1114
1412 1225 1508
1225 1412 1508
1413 1411 1031
1411 1413 1031
1414 1411 2596
1411 1414 2596
1415 1413 373
1413 1415 373
1416 1413 2513
1413 1416 2513
1406 1417 867
1417 1406 867
1409 1418 452
1418 1409 452
1419 1409 921
1409 1419 921
1419 1420 672
1420 1419 672
1421 1419 1089
1419 1421 1089
1422 1423 475
1423 1422 475
1422 1424 2248
1424 1422 2248
1389 1425 511
1425 1389 511
1426 1427 2277
1427 1426 2277
1428 1397 1344
1397 1428 1344
1396 1428 1089
1428 1396 1089
1428 1429 928
1429 1428 928
1430 1399 796
1399 1430 796
1426 1397 627
1397 1426 627
1431 1426 474
1426 1431 474
1429 1431 1906
1431 1429 1906
1429 1432 201
1432 1429 201
1399 1433 845
1433 1399 845
1434 1422 4793
1422 1434 4793
1434 1431 1011
1431 1434 1011
1435 1434 627
1434 1435 627
1436 1435 474
1435 1436 474
1435 1437 3057
1437 1435 3057
1438 1436 1137
1436 1438 1137
1439 1436 3232
1436 1439 3232
1440 1438 2783
1438 1440 2783
1441 1438 1375
1438 1441 1375
1380 1332 2039
1332 1380 2039
1387 1380 1223
1380 1387 1223
1442 1443 193
1443 1442 193
1444 1442 580
1442 1444 580
1445 1444 2668
1444 1445 2668
1444 1446 1463
1446 1444 1463
1447 1445 452
1445 1447 452
1448 1447 2044
1447 1448 2044
1442 1449 2342
1449 1442 2342
1449 1450 535
1450 1449 535
1449 1451 696
1451 1449 696
1451 1430 2223
1430 1451 2223
1450 1452 1011
1452 1450 1011
1450 1446 2239
1446 1450 2239
1451 1400 746
1400 1451 746
1400 1430 1856
1430 1400 1856
1452 1304 2191
1304 1452 2191
1452 1453 1848
1453 1452 1848
1446 1454 1267
1454 1446 1267
1446 1304 1441
1304 1446 1441
1304 1455 1436
1455 1304 1436
1456 1445 2851
1445 1456 2851
1457 1456 1111
1456 1457 1111
1343 1458 2122
1458 1343 2122
1344 1459 652
1459 1344 652
1460 1448 1124
1448 1460 1124
1461 1460 1234
1460 1461 1234
1462 1461 452
1461 1462 452
1462 1348 2548
1348 1462 2548
1463 1462 687
1462 1463 687
1464 1465 778
1465 1464 778
1460 1465 597
1465 1460 597
1465 1466 373
1466 1465 373
1467 1457 893
1457 1467 893
1468 1467 672
1467 1468 672
1468 1464 1429
1464 1468 1429
1469 1468 796
1468 1469 796
1469 1466 1176
1466 1469 1176
1470 1469 796
1469 1470 796
1471 1470 675
1470 1471 675
1462 1472 808
1472 1462 808
1463 1473 474
1473 1463 474
1474 1463 4686
1463 1474 4686
1472 1471 627
1471 1472 627
1471 1475 924
1475 1471 924
1475 1473 1143
1473 1475 1143
1475 1476 905
1476 1475 905
1473 1476 1012
1476 1473 1012
1476 1477 928
1477 1476 928
1477 1478 762
1478 1477 762
1430 1479 888
1479 1430 888
1480 1481 749
1481 1480 749
1480 1453 1575
1453 1480 1575
1479 1480 1292
1480 1479 1292
1479 1482 786
1482 1479 786
1482 1483 817
1483 1482 817
1484 1483 503
1483 1484 503
1481 1482 1425
1482 1481 1425
1485 1481 1796
1481 1485 1796
1453 1486 778
1486 1453 778
1485 1487 1131
1487 1485 1131
1488 1485 3702
1485 1488 3702
1489 1490 278
1490 1489 278
1484 1491 1004
1491 1484 1004
1492 1484 1726
1484 1492 1726
1439 1493 335
1493 1439 335
1440 1439 1030
1439 1440 1030
1491 1489 1919
1489 1491 1919
1491 1489 1919
1489 1491 1919
1492 1494 373
1494 1492 373
1495 1440 1096
1440 1495 1096
1496 1492 1872
1492 1496 1872
1488 1496 1778
1496 1488 1778
1233 1497 1118
1497 1233 1118
1498 1456 3688
1456 1498 3688
1499 1498 893
1498 1499 893
1500 1499 275
1499 1500 275
1499 1501 2006
1501 1499 2006
1502 1488 1305
1488 1502 1305
1488 1503 679
1503 1488 679
1502 1498 1429
1498 1502 1429
1499 1502 1672
1502 1499 1672
1502 1504 1060
1504 1502 1060
1504 1505 344
1505 1504 344
1505 1501 950
1501 1505 950
1505 1506 1571
1506 1505 1571
1507 1467 2702
1467 1507 2702
1470 1508 1814
1508 1470 1814
1508 1509 1425
1509 1508 1425
1509 1477 2376
1477 1509 2376
1509 1510 603
1510 1509 603
1508 1507 1573
1507 1508 1573
1507 1511 1357
1511 1507 1357
1500 1457 3526
1457 1500 3526
1512 1500 1114
1500 1512 1114
1507 1512 902
1512 1507 902
1513 1512 893
1512 1513 893
1511 1509 945
1509 1511 945
1511 1514 433
1514 1511 433
1515 1513 778
1513 1515 778
1515 1516 550
1516 1515 550
1517 1515 778
1515 1517 778
1510 1478 2067
1478 1510 2067
1518 1519 2062
1519 1518 2062
1478 1518 1095
1518 1478 1095
1510 1519 754
1519 1510 754
1519 1517 627
1517 1519 627
1520 1517 2007
1517 1520 2007
1521 1518 2700
1518 1521 2700
1522 1523 846
1523 1522 846
1513 1524 928
1524 1513 928
1525 1524 1667
1524 1525 1667
1522 1526 796
1526 1522 796
1527 1522 1381
1522 1527 1381
1501 1522 787
1522 1501 787
1501 1528 1139
1528 1501 1139
1524 1526 671
1526 1524 671
1526 1529 373
1529 1526 373
1529 1530 1454
1530 1529 1454
1529 1531 922
1531 1529 922
1517 1525 922
1525 1517 922
1530 1525 679
1525 1530 679
1532 1520 1142
1520 1532 1142
1533 1530 1891
1530 1533 1891
1534 1535 1111
1535 1534 1111
1520 1533 1509
1533 1520 1509
1533 1536 168
1536 1533 168
1536 1537 1114
1537 1536 1114
1536 1534 597
1534 1536 597
1538 1539 893
1539 1538 893
1540 102 2541
102 1540 2541
1541 1542 1375
1542 1541 1375
1542 1540 5460
1540 1542 5460
1543 1540 1442
1540 1543 1442
1543 1544 1675
1544 1543 1675
1545 1543 2202
1543 1545 2202
1545 1546 1341
1546 1545 1341
1547 1548 1529
1548 1547 1529
1549 246 6818
246 1549 6818
1549 252 3070
252 1549 3070
1550 1551 3253
1551 1550 3253
1552 1549 4568
1549 1552 4568
1553 1545 1540
1545 1553 1540
1552 1554 922
1554 1552 922
1555 1547 2028
1547 1555 2028
1553 1556 373
1556 1553 373
1556 1557 336
1557 1556 336
1556 1552 713
1552 1556 713
1547 1553 2451
1553 1547 2451
1553 1557 433
1557 1553 433
1557 1558 713
1558 1557 713
1558 1550 515
1550 1558 515
1550 1559 1274
1559 1550 1274
1559 1560 6416
1560 1559 6416
1561 1562 3446
1562 1561 3446
1563 1541 562
1541 1563 562
1562 1563 2038
1563 1562 2038
1555 1563 3276
1563 1555 3276
1561 1564 1342
1564 1561 1342
1565 1566 474
1566 1565 474
1567 1565 1206
1565 1567 1206
1567 1565 1206
1565 1567 1206
1568 1567 754
1567 1568 754
1568 1569 917
1569 1568 917
1569 1570 1221
1570 1569 1221
1571 1568 3831
1568 1571 3831
1572 1573 2063
1573 1572 2063
1574 1575 2181
1575 1574 2181
1574 1576 1734
1576 1574 1734
1577 1574 1767
1574 1577 1767
1577 1578 1084
1578 1577 1084
1579 1577 4244
1577 1579 4244
1571 1580 597
1580 1571 597
1581 1571 333
1571 1581 333
1582 1581 818
1581 1582 818
1574 1582 2413
1582 1574 2413
1581 1572 1938
1572 1581 1938
1583 1582 3745
1582 1583 3745
1584 1583 2690
1583 1584 2690
1585 1583 2237
1583 1585 2237
1569 1555 1835
1555 1569 1835
1586 1587 2054
1587 1586 2054
1572 1588 939
1588 1572 939
1586 1558 9890
1558 1586 9890
1589 1586 3297
1586 1589 3297
1589 1590 1532
1590 1589 1532
1591 1589 3227
1589 1591 3227
1592 1593 511
1593 1592 511
1592 1594 671
1594 1592 671
1595 1592 1014
1592 1595 1014
1596 1595 2181
1595 1596 2181
1597 1598 3852
1598 1597 3852
1599 1600 503
1600 1599 503
1601 1600 5903
1600 1601 5903
1600 1602 475
1602 1600 475
1599 1602 557
1602 1599 557
1603 1599 2457
1599 1603 2457
1604 1596 521
1596 1604 521
1605 1604 1081
1604 1605 1081
1596 286 2002
286 1596 2002
1606 1605 2690
1605 1606 2690
1605 1607 4192
1607 1605 4192
1608 1606 1334
1606 1608 1334
1606 1609 1810
1609 1606 1810
1609 1610 1530
1610 1609 1530
1609 1611 1012
1611 1609 1012
286 287 1734
287 286 1734
287 1612 1930
1612 287 1930
1604 1613 2676
1613 1604 2676
1613 1614 1780
1614 1613 1780
1613 1615 1789
1615 1613 1789
1610 1616 2142
1616 1610 2142
1602 1608 2879
1608 1602 2879
1608 1617 2505
1617 1608 2505
1618 1619 837
1619 1618 837
1603 1620 2359
1620 1603 2359
1617 1618 1504
1618 1617 1504
1621 1603 3015
1603 1621 3015
1618 1622 838
1622 1618 838
1623 1597 1004
1597 1623 1004
1560 1623 550
1623 1560 550
1624 1560 10336
1560 1624 10336
1623 1625 1766
1625 1623 1766
1626 1601 1809
1601 1626 1809
1625 1627 275
1627 1625 275
1628 1625 2894
1625 1628 2894
1627 1626 736
1626 1627 736
1629 1626 1565
1626 1629 1565
1630 1629 2016
1629 1630 2016
1631 1624 611
1624 1631 611
1632 1624 475
1624 1632 475
1633 1630 1591
1630 1633 1591
1634 1628 7223
1628 1634 7223
1635 1601 2040
1601 1635 2040
1635 1636 1089
1636 1635 1089
1621 1635 675
1635 1621 675
1637 1621 3341
1621 1637 3341
1638 1639 1285
1639 1638 1285
1629 1638 2013
1638 1629 2013
1638 1640 1556
1640 1638 1556
1640 1641 2470
1641 1640 2470
1642 1643 1292
1643 1642 1292
1644 1637 201
1637 1644 201
1642 1637 1532
1637 1642 1532
1645 1644 876
1644 1645 876
1646 1642 1576
1642 1646 1576
1647 1648 353
1648 1647 353
1649 1648 893
1648 1649 893
1648 1650 2553
1650 1648 2553
1645 1649 452
1649 1645 452
1649 1651 2493
1651 1649 2493
1652 1645 696
1645 1652 696
1653 1652 950
1652 1653 950
1652 1654 1956
1654 1652 1956
1655 1652 1861
1652 1655 1861
1656 1633 893
1633 1656 893
1630 1657 2212
1657 1630 2212
1658 1656 3360
1656 1658 3360
1656 1633 893
1633 1656 893
1659 1660 434
1660 1659 434
1661 1659 1389
1659 1661 1389
1662 1646 2335
1646 1662 2335
1646 1663 1359
1663 1646 1359
1659 1662 2700
1662 1659 2700
1662 1664 419
1664 1662 419
1665 1664 2002
1664 1665 2002
1664 1666 1006
1666 1664 1006
1667 1666 1504
1666 1667 1504
1666 1663 1565
1663 1666 1565
1663 1653 1298
1653 1663 1298
1653 1668 1822
1668 1653 1822
1666 1669 1194
1669 1666 1194
1670 1669 818
1669 1670 818
1660 1665 926
1665 1660 926
1671 1660 1565
1660 1671 1565
1672 1667 884
1667 1672 884
1665 1667 1616
1667 1665 1616
1673 1672 1504
1672 1673 1504
1674 1675 278
1675 1674 278
1675 1676 1575
1676 1675 1575
1675 1673 1149
1673 1675 1149
1677 1678 2224
1678 1677 2224
104 1677 1392
1677 104 1392
1677 1679 557
1679 1677 557
1679 1680 1881
1680 1679 1881
1679 1579 696
1579 1679 696
1681 1682 1248
1682 1681 1248
1680 1683 124
1683 1680 124
1681 1683 1540
1683 1681 1540
1683 1684 333
1684 1683 333
1684 1685 847
1685 1684 847
1682 1686 550
1686 1682 550
1687 1686 1188
1686 1687 1188
1579 1688 1356
1688 1579 1356
1688 1584 386
1584 1688 386
1584 1585 1140
1585 1584 1140
1585 1689 1546
1689 1585 1546
1690 1684 1509
1684 1690 1509
1686 1685 1144
1685 1686 1144
1685 1691 409
1691 1685 409
1691 1692 1258
1692 1691 1258
1693 1690 716
1690 1693 716
1693 1694 1225
1694 1693 1225
1695 1693 1457
1693 1695 1457
1696 1697 818
1697 1696 818
1697 1698 1114
1698 1697 1114
1698 1699 1124
1699 1698 1124
1696 1687 1735
1687 1696 1735
1697 1700 1774
1700 1697 1774
1700 1701 1014
1701 1700 1014
1701 1702 1357
1702 1701 1357
1698 1703 1090
1703 1698 1090
1699 1704 1848
1704 1699 1848
1704 1705 667
1705 1704 667
1705 1706 1112
1706 1705 1112
1705 1707 1466
1707 1705 1466
1699 1702 1095
1702 1699 1095
1702 1708 1247
1708 1702 1247
1708 1709 700
1709 1708 700
1709 1706 879
1706 1709 879
1706 1710 2034
1710 1706 2034
1687 1692 474
1692 1687 474
1692 1700 1225
1700 1692 1225
1692 1694 1346
1694 1692 1346
1694 1701 2825
1701 1694 2825
1694 1695 680
1695 1694 680
1711 1695 2000
1695 1711 2000
1712 1713 889
1713 1712 889
1714 1711 139
1711 1714 139
1715 1714 1408
1714 1715 1408
1714 1712 796
1712 1714 796
1716 1717 344
1717 1716 344
1712 1716 503
1716 1712 503
1718 1716 333
1716 1718 333
1716 1719 597
1719 1716 597
1702 1715 1573
1715 1702 1573
1709 1708 700
1708 1709 700
1706 1720 1006
1720 1706 1006
1720 1721 2568
1721 1720 2568
1720 1722 252
1722 1720 252
1722 1723 2387
1723 1722 2387
1715 1724 563
1724 1715 563
1713 1722 3057
1722 1713 3057
1713 1725 1188
1725 1713 1188
1725 1726 591
1726 1725 591
1726 1727 2162
1727 1726 2162
1726 1727 2162
1727 1726 2162
1728 1719 301
1719 1728 301
1729 1730 305
1730 1729 305
1689 1591 704
1591 1689 704
1731 1732 1139
1732 1731 1139
1695 1732 1530
1732 1695 1530
1733 1731 1872
1731 1733 1872
1734 1733 1301
1733 1734 1301
1731 1735 876
1735 1731 876
1736 1733 3672
1733 1736 3672
1737 1736 503
1736 1737 503
1736 1734 3591
1734 1736 3591
1737 1738 4584
1738 1737 4584
1591 1739 357
1739 1591 357
1740 1737 688
1737 1740 688
1740 1741 1090
1741 1740 1090
1741 1742 680
1742 1741 680
1743 1744 1675
1744 1743 1675
1734 1745 344
1745 1734 344
1738 1746 1694
1746 1738 1694
1738 1747 1012
1747 1738 1012
1732 1746 1928
1746 1732 1928
1746 1748 6038
1748 1746 6038
1746 1749 1751
1749 1746 1751
1747 1749 2340
1749 1747 2340
1711 1750 763
1750 1711 763
1719 1751 445
1751 1719 445
1725 1728 1704
1728 1725 1704
1748 1752 597
1752 1748 597
1752 1748 597
1748 1752 597
1749 1752 5460
1752 1749 5460
1749 1753 1065
1753 1749 1065
1753 1754 373
1754 1753 373
1754 1755 1007
1755 1754 1007
1707 1756 867
1756 1707 867
1707 1710 672
1710 1707 672
1710 1757 1234
1757 1710 1234
1758 1759 649
1759 1758 649
1758 1757 680
1757 1758 680
1759 1760 373
1760 1759 373
1757 1721 1452
1721 1757 1452
1760 1761 672
1761 1760 672
1761 1762 1878
1762 1761 1878
1763 1764 278
1764 1763 278
67 1765 314
1765 67 314
1762 1766 248
1766 1762 248
1728 1767 846
1767 1728 846
1762 1768 222
1768 1762 222
1764 1768 1761
1768 1764 1761
1768 1769 667
1769 1768 667
1769 1770 1591
1770 1769 1591
1721 1723 1030
1723 1721 1030
1727 1771 1008
1771 1727 1008
1723 1771 846
1771 1723 846
1771 1772 168
1772 1771 168
1772 1773 649
1773 1772 649
1772 1774 335
1774 1772 335
1773 1775 474
1775 1773 474
1761 1775 4553
1775 1761 4553
1775 1776 787
1776 1775 787
1777 1769 1628
1769 1777 1628
1766 1778 1562
1778 1766 1562
1778 1779 1060
1779 1778 1060
1779 1780 1978
1780 1779 1978
1780 1781 2358
1781 1780 2358
1770 1782 6133
1782 1770 6133
1770 1783 691
1783 1770 691
1783 1784 315
1784 1783 315
1784 1785 671
1785 1784 671
1785 1781 335
1781 1785 335
1776 1779 1741
1779 1776 1741
1776 1786 252
1786 1776 252
1786 1780 3088
1780 1786 3088
1775 1787 2982
1787 1775 2982
1786 1788 1195
1788 1786 1195
1788 1789 1344
1789 1788 1344
1788 1790 1680
1790 1788 1680
1791 1792 2350
1792 1791 2350
1792 1793 1667
1793 1792 1667
1793 1794 1609
1794 1793 1609
1795 1792 1268
1792 1795 1268
1796 1790 893
1790 1796 893
1787 1797 1972
1797 1787 1972
1798 1799 436
1799 1798 436
1799 1800 402
1800 1799 402
1799 1801 562
1801 1799 562
1790 1802 587
1802 1790 587
1802 1803 1207
1803 1802 1207
1800 1801 418
1801 1800 418
1804 1800 344
1800 1804 344
1801 1802 1114
1802 1801 1114
1804 1801 335
1801 1804 335
1805 1804 1222
1804 1805 1222
1793 1796 1220
1796 1793 1220
1796 1806 2072
1806 1796 2072
1803 1805 333
1805 1803 333
1803 1807 275
1807 1803 275
1807 1808 2167
1808 1807 2167
1781 1791 1012
1791 1781 1012
1809 1791 1667
1791 1809 1667
1810 1809 1024
1809 1810 1024
1809 1811 1559
1811 1809 1559
1791 1795 1464
1795 1791 1464
1795 1810 2496
1810 1795 2496
1810 1811 1055
1811 1810 1055
1811 1812 1700
1812 1811 1700
1742 1743 1809
1743 1742 1809
1742 1631 929
1631 1742 929
1743 1747 3613
1747 1743 3613
1631 1632 587
1632 1631 587
1632 1813 275
1813 1632 275
1813 1814 335
1814 1813 335
1814 1755 9477
1755 1814 9477
1814 1634 1090
1634 1814 1090
1634 1815 1012
1815 1634 1012
1815 1816 2170
1816 1815 2170
1815 1817 1179
1817 1815 1179
1816 1818 2731
1818 1816 2731
1755 1819 3192
1819 1755 3192
1820 1821 1565
1821 1820 1565
1820 1822 1556
1822 1820 1556
1823 1821 3422
1821 1823 3422
1823 1820 4438
1820 1823 4438
1797 1824 4798
1824 1797 4798
1815 1658 1301
1658 1815 1301
1658 1661 1480
1661 1658 1480
1817 1825 423
1825 1817 423
1825 1826 1609
1826 1825 1609
1816 1827 1576
1827 1816 1576
1825 1828 1075
1828 1825 1075
1828 1661 502
1661 1828 502
1829 1830 4032
1830 1829 4032
1828 1671 630
1671 1828 630
1818 1831 1222
1831 1818 1222
1831 1832 1897
1832 1831 1897
1829 1818 1334
1818 1829 1334
1829 1833 1635
1833 1829 1635
1834 1829 825
1829 1834 825
1834 1835 902
1835 1834 902
1831 1833 1764
1833 1831 1764
1833 1836 2191
1836 1833 2191
1671 1837 1382
1837 1671 1382
1837 1834 4589
1834 1837 4589
1837 1674 201
1674 1837 201
1676 1838 1021
1838 1676 1021
1838 1839 278
1839 1838 278
1838 1840 3222
1840 1838 3222
1839 1835 2812
1835 1839 2812
1839 1841 4557
1841 1839 4557
1835 1842 2044
1842 1835 2044
1841 1842 671
1842 1841 671
1842 1843 671
1843 1842 671
1841 1843 475
1843 1841 475
1832 1823 1180
1823 1832 1180
1832 1844 1334
1844 1832 1334
1844 1845 556
1845 1844 556
1845 67 358
67 1845 358
1846 1847 2277
1847 1846 2277
1765 1846 562
1846 1765 562
1824 1846 2511
1846 1824 2511
1846 1848 782
1848 1846 782
1848 62 766
62 1848 766
62 1849 1242
1849 62 1242
1836 64 1756
64 1836 1756
1836 1850 475
1850 1836 475
1850 68 785
68 1850 785
1847 1851 1406
1851 1847 1406
1843 1852 889
1852 1843 889
1852 1836 1464
1836 1852 1464
1851 60 330
60 1851 330
71 1852 597
1852 71 597
61 71 557
71 61 557
1853 1798 1553
1798 1853 1553
1853 1800 1472
1800 1853 1472
1805 1853 2677
1853 1805 2677
1854 1853 201
1853 1854 201
1855 1854 929
1854 1855 929
1854 1856 1071
1856 1854 1071
1856 1855 782
1855 1856 782
1857 1855 902
1855 1857 902
1856 1858 1114
1858 1856 1114
1859 1672 2000
1672 1859 2000
1807 1860 2087
1860 1807 2087
1860 1808 2170
1808 1860 2170
1860 1861 2765
1861 1860 2765
1808 1862 333
1862 1808 333
1863 1857 503
1857 1863 503
1864 1857 475
1857 1864 475
1864 1863 557
1863 1864 557
1860 1864 1621
1864 1860 1621
1861 1865 3140
1865 1861 3140
1866 1867 2475
1867 1866 2475
1866 1868 2468
1868 1866 2468
1869 1866 1298
1866 1869 1298
1869 1870 1149
1870 1869 1149
1865 1869 2416
1869 1865 2416
1865 1871 3745
1871 1865 3745
1849 1863 2747
1863 1849 2747
1849 1861 4087
1861 1849 4087
1872 1873 1117
1873 1872 1117
1874 1875 6288
1875 1874 6288
1876 1877 548
1877 1876 548
1878 1879 2010
1879 1878 2010
399 1878 1022
1878 399 1022
1880 399 4890
399 1880 4890
1881 1880 4856
1880 1881 4856
1880 1882 2098
1882 1880 2098
1883 1884 1179
1884 1883 1179
1883 1881 2091
1881 1883 2091
408 1885 2062
1885 408 2062
1886 408 2248
408 1886 2248
1887 1888 2525
1888 1887 2525
1889 1886 2138
1886 1889 2138
1889 1890 1359
1890 1889 1359
1886 1887 1412
1887 1886 1412
1891 1887 817
1887 1891 817
1892 1889 3369
1889 1892 3369
1893 1894 1713
1894 1893 1713
1895 1893 1934
1893 1895 1934
1895 1881 2826
1881 1895 2826
1896 1895 2798
1895 1896 2798
1897 1898 2437
1898 1897 2437
1872 1883 811
1883 1872 811
1897 1899 1532
1899 1897 1532
1896 1897 3690
1897 1896 3690
1900 1897 1012
1897 1900 1012
1875 1896 3956
1896 1875 3956
1655 1901 667
1901 1655 667
1651 1650 1014
1650 1651 1014
1654 1651 796
1651 1654 796
1902 1654 1357
1654 1902 1357
1903 1872 1499
1872 1903 1499
1904 1903 1318
1903 1904 1318
1905 1903 658
1903 1905 658
1906 1904 1225
1904 1906 1225
1904 1907 670
1907 1904 670
1908 1907 562
1907 1908 562
1907 1905 1352
1905 1907 1352
1877 1908 556
1908 1877 556
1908 1909 762
1909 1908 762
1907 1910 1291
1910 1907 1291
1911 1906 373
1906 1911 373
1912 1911 580
1911 1912 580
1913 1912 580
1912 1913 580
1914 1913 2688
1913 1914 2688
1915 1877 778
1877 1915 778
1916 1915 672
1915 1916 672
1877 1917 922
1917 1877 922
1913 1916 762
1916 1913 762
1918 1916 916
1916 1918 916
1919 1918 1980
1918 1919 1980
1916 1920 724
1920 1916 724
1921 1922 983
1922 1921 983
1923 1921 2428
1921 1923 2428
1902 1655 550
1655 1902 550
1669 1924 474
1924 1669 474
1925 1670 688
1670 1925 688
1924 1926 786
1926 1924 786
1670 1927 825
1927 1670 825
1928 1902 353
1902 1928 353
1929 1928 1408
1928 1929 1408
1667 1925 1194
1925 1667 1194
1930 1925 1084
1925 1930 1084
1931 1930 796
1930 1931 796
1925 1932 762
1932 1925 762
1932 1933 275
1933 1932 275
1673 1934 736
1934 1673 736
1934 1931 402
1931 1934 402
1931 1935 353
1935 1931 353
1935 1936 1065
1936 1935 1065
1937 1938 475
1938 1937 475
1935 1939 1339
1939 1935 1339
1939 1940 1298
1940 1939 1298
1939 1937 336
1937 1939 336
1936 1941 238
1941 1936 238
1936 1942 627
1942 1936 627
1943 1929 1014
1929 1943 1014
1929 1914 562
1914 1929 562
1914 1919 929
1919 1914 929
1944 1919 1234
1919 1944 1234
1938 1943 1530
1943 1938 1530
1943 1945 419
1945 1943 419
1945 1944 627
1944 1945 627
1944 1923 536
1923 1944 536
1938 1945 1714
1945 1938 1714
1946 1947 1166
1947 1946 1166
1937 1948 1024
1948 1937 1024
1948 1949 2610
1949 1948 2610
1940 1950 884
1950 1940 884
1950 1951 238
1951 1950 238
1940 1952 949
1952 1940 949
1951 1953 550
1953 1951 550
1951 1954 1119
1954 1951 1119
1955 1956 1343
1956 1955 1343
1950 1957 834
1957 1950 834
1954 1949 2130
1949 1954 2130
1949 1955 418
1955 1949 418
1915 1958 1429
1958 1915 1429
1874 1959 3090
1959 1874 3090
1960 1947 1809
1947 1960 1809
1961 1962 418
1962 1961 418
1962 1946 418
1946 1962 418
1921 1960 949
1960 1921 949
1960 1961 474
1961 1960 474
1963 1961 611
1961 1963 611
1964 1963 2366
1963 1964 2366
1963 1965 201
1965 1963 201
1966 1967 587
1967 1966 587
1965 1874 2913
1874 1965 2913
1968 1969 1611
1969 1968 1611
1923 1964 1138
1964 1923 1138
1970 1964 1138
1964 1970 1138
1948 1970 3620
1970 1948 3620
1971 1965 2170
1965 1971 2170
1955 1972 4076
1972 1955 4076
1970 1971 1298
1971 1970 1298
1971 1973 1084
1973 1971 1084
1974 1966 24
1966 1974 24
1967 1975 1339
1975 1967 1339
1976 1968 713
1968 1976 713
1968 1977 473
1977 1968 473
1967 1976 746
1976 1967 746
1976 1978 671
1978 1976 671
1975 1979 825
1979 1975 825
1980 1981 1030
1981 1980 1030
1982 1983 2278
1983 1982 2278
1984 1892 1408
1892 1984 1408
1892 1985 1139
1985 1892 1139
1986 1982 238
1982 1986 238
1987 1986 587
1986 1987 587
1988 1986 889
1986 1988 889
1988 1987 1065
1987 1988 1065
1989 1988 782
1988 1989 782
1984 1989 926
1989 1984 926
445 1990 2242
1990 445 2242
1987 1991 2642
1991 1987 2642
1982 445 1576
445 1982 1576
1989 1992 2213
1992 1989 2213
1992 485 222
485 1992 222
1993 1992 275
1992 1993 275
1994 1995 269
1995 1994 269
1996 1994 1320
1994 1996 1320
1997 1993 503
1993 1997 503
1998 1997 580
1997 1998 580
1996 1997 587
1997 1996 587
1999 1998 3042
1998 1999 3042
1998 1996 937
1996 1998 937
2000 1996 680
1996 2000 680
2001 2002 1083
2002 2001 1083
1900 2001 2278
2001 1900 2278
2001 1984 1611
1984 2001 1611
1875 1900 1031
1900 1875 1031
2003 2004 1753
2004 2003 1753
2005 2006 1951
2006 2005 1951
1999 2005 787
2005 1999 787
2005 2007 2007
2007 2005 2007
2008 1999 2007
1999 2008 2007
2009 2007 680
2007 2009 680
2007 2003 556
2003 2007 556
2009 2010 222
2010 2009 222
2011 2009 2446
2009 2011 2446
2003 2012 2375
2012 2003 2375
2010 2008 562
2008 2010 562
2013 2014 1021
2014 2013 1021
2015 2013 1669
2013 2015 1669
478 2016 947
2016 478 947
2017 478 1371
478 2017 1371
488 2017 474
2017 488 474
2017 2018 1670
2018 2017 1670
2019 488 2578
488 2019 2578
1994 2020 308
2020 1994 308
2000 2021 2347
2021 2000 2347
2022 2000 185
2000 2022 185
2022 2023 1984
2023 2022 1984
2019 2022 828
2022 2019 828
2024 2025 1780
2025 2024 1780
2026 2027 2734
2027 2026 2734
2027 2028 782
2028 2027 782
2027 2019 1774
2019 2027 1774
2029 2027 2024
2027 2029 2024
2030 2031 1827
2031 2030 1827
2032 2029 3059
2029 2032 3059
2008 2033 2720
2033 2008 2720
2034 2033 875
2033 2034 875
2034 2035 888
2035 2034 888
2033 2026 1915
2026 2033 1915
2036 2026 980
2026 2036 980
2036 2037 1219
2037 2036 1219
2038 2039 1341
2039 2038 1341
2010 2040 2985
2040 2010 2985
2040 2038 1004
2038 2040 1004
2038 2041 621
2041 2038 621
2040 2034 1576
2034 2040 1576
2036 2042 333
2042 2036 333
2030 2036 805
2036 2030 805
2043 2030 1530
2030 2043 1530
2032 2030 838
2030 2032 838
2044 2045 1650
2045 2044 1650
2046 2045 1114
2045 2046 1114
2047 2032 4446
2032 2047 4446
2045 2047 787
2047 2045 787
2048 2047 2941
2047 2048 2941
1975 2049 3250
2049 1975 3250
2050 2051 1545
2051 2050 1545
2051 2052 1268
2052 2051 1268
2051 2053 2278
2053 2051 2278
2053 2054 796
2054 2053 796
2053 2055 786
2055 2053 786
2053 2056 475
2056 2053 475
1979 2051 3853
2051 1979 3853
2057 2050 867
2050 2057 867
2058 2050 2568
2050 2058 2568
2059 2060 680
2060 2059 680
2061 2059 1335
2059 2061 1335
2062 2063 1542
2063 2062 1542
2062 2061 672
2061 2062 672
2064 2061 1637
2061 2064 1637
2065 2062 1906
2062 2065 1906
2059 2011 475
2011 2059 475
2011 2014 335
2014 2011 335
2014 2015 884
2015 2014 884
2015 2066 1160
2066 2015 1160
2067 2064 1071
2064 2067 1071
2055 2068 905
2068 2055 905
2055 2065 706
2065 2055 706
2057 2065 2118
2065 2057 2118
2069 2057 2568
2057 2069 2568
2070 2064 2406
2064 2070 2406
1979 2071 1060
2071 1979 1060
1979 1980 1556
1980 1979 1556
2071 2072 1268
2072 2071 1268
2069 2058 867
2058 2069 867
1980 2073 1004
2073 1980 1004
2073 2074 713
2074 2073 713
2075 2073 4069
2073 2075 4069
2074 2076 1194
2076 2074 1194
2074 2077 1357
2077 2074 1357
2076 2078 434
2078 2076 434
2078 2079 452
2079 2078 452
2080 2069 782
2069 2080 782
2071 2080 1774
2080 2071 1774
2080 2081 1336
2081 2080 1336
2080 2082 1709
2082 2080 1709
2073 2081 2981
2081 2073 2981
2081 2083 452
2083 2081 452
2083 2084 452
2084 2083 452
2084 2085 2340
2085 2084 2340
2083 2086 980
2086 2083 980
2086 2084 1272
2084 2086 1272
2081 2087 1255
2087 2081 1255
2086 2088 948
2088 2086 948
2088 2089 562
2089 2088 562
2089 2090 672
2090 2089 672
2090 2091 1611
2091 2090 1611
2092 2090 846
2090 2092 846
2085 2091 1298
2091 2085 1298
2091 2093 1113
2093 2091 1113
2015 2013 1669
2013 2015 1669
2094 2095 832
2095 2094 832
2094 2064 1532
2064 2094 1532
2094 2096 1277
2096 2094 1277
2044 2097 815
2097 2044 815
2098 2044 1630
2044 2098 1630
2067 2099 2153
2099 2067 2153
2099 2100 746
2100 2099 746
2101 2067 950
2067 2101 950
2101 2070 974
2070 2101 974
2102 2101 809
2101 2102 809
2070 2103 1891
2103 2070 1891
2104 2105 535
2105 2104 535
2102 2104 1084
2104 2102 1084
2106 2102 937
2102 2106 937
2102 2103 2376
2103 2102 2376
2107 2106 474
2106 2107 474
2107 2108 808
2108 2107 808
2109 2107 402
2107 2109 402
2099 2098 1355
2098 2099 1355
2098 2110 511
2110 2098 511
2104 2111 749
2111 2104 749
2111 2112 804
2112 2111 804
2106 2112 1861
2112 2106 1861
2112 2113 902
2113 2112 902
2109 2114 713
2114 2109 713
2115 2109 402
2109 2115 402
2116 2115 937
2115 2116 937
2115 2117 1546
2117 2115 1546
2113 2118 418
2118 2113 418
2119 2120 557
2120 2119 557
2121 2122 610
2122 2121 610
2116 2121 275
2121 2116 275
2121 2119 671
2119 2121 671
2123 2103 1031
2103 2123 1031
2082 2123 1394
2123 2082 1394
2123 2124 1195
2124 2123 1195
2125 2124 713
2124 2125 713
2082 2126 597
2126 2082 597
2126 2127 580
2127 2126 580
2124 2128 847
2128 2124 847
2126 2125 1526
2125 2126 1526
2087 2129 2765
2129 2087 2765
2129 2130 550
2130 2129 550
2130 2131 201
2131 2130 201
2088 2132 1597
2132 2088 1597
2093 2092 1234
2092 2093 1234
2133 2092 515
2092 2133 515
2093 2134 1006
2134 2093 1006
2134 2135 786
2135 2134 786
2136 2134 1268
2134 2136 1268
2132 2129 1220
2129 2132 1220
2135 2137 2153
2137 2135 2153
2135 2138 336
2138 2135 336
2131 2139 1529
2139 2131 1529
2140 2116 749
2116 2140 749
2141 2140 1084
2140 2141 1084
2142 2140 557
2140 2142 557
2125 2141 2682
2141 2125 2682
2141 2142 937
2142 2141 937
2142 2143 511
2143 2142 511
2139 2144 1498
2144 2139 1498
2144 2143 201
2143 2144 201
2143 2145 1292
2145 2143 1292
2146 2147 1004
2147 2146 1004
2145 2146 736
2146 2145 736
2147 2148 893
2148 2147 893
2147 2149 1942
2149 2147 1942
2150 2151 948
2151 2150 948
2138 2150 1926
2150 2138 1926
2150 2152 893
2152 2150 893
2150 2151 948
2151 2150 948
1676 2153 587
2153 1676 587
2153 2154 2227
2154 2153 2227
2153 2155 876
2155 2153 876
2154 2156 333
2156 2154 333
2154 2157 434
2157 2154 434
2156 2158 778
2158 2156 778
2156 2157 474
2157 2156 474
2157 2159 419
2159 2157 419
2158 2159 1305
2159 2158 1305
71 2160 2616
2160 71 2616
2158 2161 3227
2161 2158 3227
2162 1954 1375
1954 2162 1375
2159 2162 1406
2162 2159 1406
68 1851 142
1851 68 142
2159 2162 1406
2162 2159 1406
2162 2163 2025
2163 2162 2025
2161 70 1882
70 2161 1882
2163 2164 1177
2164 2163 1177
2164 2075 1149
2075 2164 1149
2165 2166 2263
2166 2165 2263
2167 2168 706
2168 2167 706
2167 2169 905
2169 2167 905
2170 2167 1493
2167 2170 1493
2077 2170 924
2170 2077 924
2077 2171 1012
2171 2077 1012
2170 2172 924
2172 2170 924
2172 2173 2279
2173 2172 2279
2172 2174 556
2174 2172 556
2174 2165 1248
2165 2174 1248
2174 2175 2773
2175 2174 2773
2165 2176 672
2176 2165 672
2176 2177 344
2177 2176 344
2177 2178 3277
2178 2177 3277
2177 2179 893
2179 2177 893
2179 2180 2266
2180 2179 2266
2179 2181 222
2181 2179 222
2181 2182 333
2182 2181 333
2182 2183 445
2183 2182 445
2183 2184 671
2184 2183 671
2185 2183 1030
2183 2185 1030
2186 2185 222
2185 2186 222
2187 2185 680
2185 2187 680
2186 2188 1830
2188 2186 1830
2189 2186 1786
2186 2189 1786
2190 2191 838
2191 2190 838
2191 2192 2700
2192 2191 2700
2193 2194 597
2194 2193 597
2195 2190 419
2190 2195 419
2196 2193 763
2193 2196 763
2190 2197 974
2197 2190 974
2184 2196 1677
2196 2184 1677
2195 2192 2796
2192 2195 2796
2198 2195 1513
2195 2198 1513
2199 2200 1545
2200 2199 1545
2200 2201 3041
2201 2200 3041
2192 2200 1188
2200 2192 1188
2199 2202 1242
2202 2199 1242
2184 2198 1225
2198 2184 1225
2198 2203 905
2203 2198 905
2203 2204 946
2204 2203 946
2203 2205 1160
2205 2203 1160
2198 2188 838
2188 2198 838
2188 2206 550
2206 2188 550
2206 2207 536
2207 2206 536
2205 2208 603
2208 2205 603
2205 2209 1222
2209 2205 1222
2208 2210 1830
2210 2208 1830
2208 2211 628
2211 2208 628
2209 2212 929
2212 2209 929
2213 2199 1007
2199 2213 1007
2213 2210 1060
2210 2213 1060
2209 2213 884
2213 2209 884
2214 2215 1263
2215 2214 1263
2214 2216 3151
2216 2214 3151
2217 2214 846
2214 2217 846
2217 2218 3030
2218 2217 3030
2219 2220 707
2220 2219 707
2219 2221 1466
2221 2219 1466
2222 2223 1479
2223 2222 1479
2222 2224 1160
2224 2222 1160
2216 2219 1654
2219 2216 1654
2216 2225 1874
2225 2216 1874
2226 2227 1792
2227 2226 1792
2226 2228 333
2228 2226 333
2229 2226 434
2226 2229 434
2228 2222 1084
2222 2228 1084
2229 2228 475
2228 2229 475
2230 2229 201
2229 2230 201
2230 2231 926
2231 2230 926
2225 2230 949
2230 2225 949
2225 2232 353
2232 2225 353
2171 2078 1392
2078 2171 1392
2233 2234 847
2234 2233 847
2175 2235 1375
2235 2175 1375
2175 2233 675
2233 2175 675
2187 2185 680
2185 2187 680
2236 2187 1060
2187 2236 1060
2181 2237 2602
2237 2181 2602
2238 2236 1464
2236 2238 1464
2233 2085 937
2085 2233 937
2085 2239 881
2239 2085 881
2240 2136 3376
2136 2240 3376
2176 2241 4048
2241 2176 4048
2241 2242 1583
2242 2241 1583
2241 2243 1112
2243 2241 1112
2244 2245 1006
2245 2244 1006
2245 2238 981
2238 2245 981
2245 2246 1322
2246 2245 1322
2243 2247 1504
2247 2243 1504
2243 2240 787
2240 2243 787
2248 2244 1161
2244 2248 1161
2207 2189 445
2189 2207 445
2207 2249 918
2249 2207 918
2250 2251 1014
2251 2250 1014
2252 2236 3063
2236 2252 3063
2253 2254 688
2254 2253 688
2211 2255 3418
2255 2211 3418
2211 2253 2039
2253 2211 2039
2253 2256 1565
2256 2253 1565
2256 2257 782
2257 2256 782
2257 2258 1430
2258 2257 1430
2257 2259 1084
2259 2257 1084
2252 2238 2153
2238 2252 2153
2260 2252 475
2252 2260 475
2254 2260 1424
2260 2254 1424
2261 2248 1188
2248 2261 1188
2260 2262 1413
2262 2260 1413
2262 2263 688
2263 2262 688
2256 2264 1263
2264 2256 1263
2264 2265 2517
2265 2264 2517
2258 2266 333
2266 2258 333
2267 2136 2909
2136 2267 2909
2138 2268 3812
2268 2138 3812
2240 2267 1382
2267 2240 1382
2267 2268 515
2268 2267 515
2268 2269 713
2269 2268 713
2269 2270 475
2270 2269 475
2270 2271 1004
2271 2270 1004
2270 2272 4311
2272 2270 4311
2271 2273 893
2273 2271 893
2273 2244 2266
2244 2273 2266
2274 2273 503
2273 2274 503
2275 2274 1111
2274 2275 1111
2276 2277 419
2277 2276 419
2277 2276 419
2276 2277 419
2152 2276 536
2276 2152 536
2152 2277 333
2277 2152 333
2269 2278 4720
2278 2269 4720
2262 2261 787
2261 2262 787
2248 2275 2434
2275 2248 2434
2279 2275 1234
2275 2279 1234
2261 2280 1593
2280 2261 1593
2280 2281 1336
2281 2280 1336
2280 2279 587
2279 2280 587
2279 2282 1735
2282 2279 1735
2281 2283 2011
2283 2281 2011
2281 2284 893
2284 2281 893
2283 2264 2322
2264 2283 2322
2265 2285 1111
2285 2265 1111
2285 2286 2000
2286 2285 2000
2284 2283 1774
2283 2284 1774
2287 2284 353
2284 2287 353
2284 2288 333
2288 2284 333
2287 2288 402
2288 2287 402
2287 2289 1786
2289 2287 1786
2288 2265 1673
2265 2288 1673
2288 2290 1667
2290 2288 1667
2285 2291 1090
2291 2285 1090
2291 2292 2690
2292 2291 2690
2290 2293 452
2293 2290 452
2291 2293 335
2293 2291 335
2293 2294 1336
2294 2293 1336
2282 2295 1872
2295 2282 1872
2282 2296 1575
2296 2282 1575
2282 2297 515
2297 2282 515
2297 2298 553
2298 2297 553
2297 2299 419
2299 2297 419
2299 2300 445
2300 2299 445
2296 2287 1077
2287 2296 1077
2296 2301 1906
2301 2296 1906
2302 2303 3036
2303 2302 3036
2259 2304 1014
2304 2259 1014
2259 2305 2025
2305 2259 2025
2304 2306 3020
2306 2304 3020
2304 2302 1225
2302 2304 1225
2302 2307 672
2307 2302 672
2302 2308 1710
2308 2302 1710
2307 2309 54
2309 2307 54
2310 2311 1719
2311 2310 1719
2310 2312 4022
2312 2310 4022
2311 2217 867
2217 2311 867
2311 2313 3576
2313 2311 3576
2286 2314 2444
2314 2286 2444
2315 252 2608
252 2315 2608
2313 2316 1127
2316 2313 1127
2317 2313 1248
2313 2317 1248
2317 2318 536
2318 2317 536
2286 2319 452
2319 2286 452
2319 2292 353
2292 2319 353
2319 2320 1635
2320 2319 1635
2294 2321 893
2321 2294 893
2292 2322 846
2322 2292 846
2322 2321 550
2321 2322 550
2323 2321 1344
2321 2323 1344
2324 2323 929
2323 2324 929
2325 2326 1145
2326 2325 1145
2294 2324 2612
2324 2294 2612
2024 2029 2688
2029 2024 2688
859 2024 3085
2024 859 3085
2328 859 2548
859 2328 2548
2329 2029 1525
2029 2329 1525
2330 2329 884
2329 2330 884
2331 2330 1398
2330 2331 1398
2328 2332 3097
2332 2328 3097
2333 2328 2269
2328 2333 2269
2334 2329 2699
2329 2334 2699
2335 2334 1343
2334 2335 1343
2336 2330 1734
2330 2336 1734
2335 2336 1149
2336 2335 1149
2337 2335 3446
2335 2337 3446
2333 2334 1059
2334 2333 1059
2338 2339 111
2339 2338 111
2340 2338 1012
2338 2340 1012
2341 2338 5717
2338 2341 5717
2342 2331 2016
2331 2342 2016
2331 2343 922
2343 2331 922
2342 2344 1593
2344 2342 1593
2345 2342 1596
2342 2345 1596
2346 2347 597
2347 2346 597
2348 2346 1139
2346 2348 1139
2346 2349 1649
2349 2346 1649
2350 2048 1576
2048 2350 1576
2348 2048 871
2048 2348 871
2345 2351 1425
2351 2345 1425
2337 2336 3088
2336 2337 3088
2349 2345 2016
2345 2349 2016
2352 2337 672
2337 2352 672
2353 2345 867
2345 2353 867
2354 2353 2126
2353 2354 2126
2352 2353 597
2353 2352 597
2355 2352 335
2352 2355 335
2356 2355 2909
2355 2356 2909
2341 2357 120
2357 2341 120
2349 2354 845
2354 2349 845
2358 2354 893
2354 2358 893
2356 2358 948
2358 2356 948
2359 2356 905
2356 2359 905
2358 2348 2397
2348 2358 2397
2360 2358 796
2358 2360 796
2360 2361 278
2361 2360 278
2361 2348 2179
2348 2361 2179
2362 2361 1225
2361 2362 1225
879 2363 1629
2363 879 1629
879 2364 1176
2364 879 1176
2365 2364 1971
2364 2365 1971
2366 2340 3202
2340 2366 3202
2364 880 2150
880 2364 2150
889 880 1479
880 889 1479
2366 2365 1797
2365 2366 1797
2365 889 1621
889 2365 1621
2367 889 945
889 2367 945
2368 2367 2107
2367 2368 2107
2369 2366 2370
2366 2369 2370
2370 2341 2126
2341 2370 2126
1497 2371 77
2371 1497 77
2372 2370 562
2370 2372 562
2373 2374 49
2374 2373 49
2372 2356 948
2356 2372 948
2375 2372 672
2372 2375 672
2359 2360 929
2360 2359 929
2376 2375 333
2375 2376 333
2377 2375 251
2375 2377 251
2376 2359 845
2359 2376 845
2378 2376 1576
2376 2378 1576
2377 2379 762
2379 2377 762
2380 2379 3240
2379 2380 3240
950 2381 780
2381 950 780
2382 2383 610
2383 2382 610
2384 2373 3220
2373 2384 3220
2382 2384 736
2384 2382 736
2385 2382 3139
2382 2385 3139
2379 2385 867
2385 2379 867
2386 2385 3351
2385 2386 3351
2385 2387 1006
2387 2385 1006
2388 2387 3240
2387 2388 3240
2387 2389 515
2389 2387 515
2390 2391 1356
2391 2390 1356
2113 2392 2911
2392 2113 2911
2390 2350 1342
2350 2390 1342
2393 2350 1676
2350 2393 1676
2119 2394 1694
2394 2119 1694
2395 2396 611
2396 2395 611
2397 2395 1007
2395 2397 1007
2395 2398 278
2398 2395 278
2399 2396 672
2396 2399 672
2393 2400 1111
2400 2393 1111
2362 2401 335
2401 2362 335
2402 2393 1592
2393 2402 1592
2403 2362 670
2362 2403 670
2402 2403 893
2403 2402 893
2404 2402 888
2402 2404 888
2404 2398 5441
2398 2404 5441
2405 2404 556
2404 2405 556
2406 2405 2142
2405 2406 2142
2398 2406 2916
2406 2398 2916
2407 2408 1285
2408 2407 1285
2396 2407 1678
2407 2396 1678
2407 2409 562
2409 2407 562
2399 2410 675
2410 2399 675
2411 2412 818
2412 2411 818
2413 2414 1808
2414 2413 1808
2414 2413 1808
2413 2414 1808
2140 2397 1374
2397 2140 1374
2142 2397 1360
2397 2142 1360
2397 2415 687
2415 2397 687
2416 2417 2335
2417 2416 2335
2145 2416 1542
2416 2145 1542
2143 2418 398
2418 2143 398
2419 2399 713
2399 2419 713
2419 2417 706
2417 2419 706
2420 2419 1006
2419 2420 1006
2421 2411 603
2411 2421 603
2149 2422 1024
2422 2149 1024
2149 2423 847
2423 2149 847
2151 2424 1298
2424 2151 1298
2424 2425 1609
2425 2424 1609
2416 2426 2003
2426 2416 2003
2424 2423 1006
2423 2424 1006
2423 2426 948
2426 2423 948
2426 2427 1006
2427 2426 1006
2420 2411 1055
2411 2420 1055
2411 2428 1418
2428 2411 1418
2429 2420 2890
2420 2429 2890
2430 2428 2927
2428 2430 2927
2428 2414 713
2414 2428 713
2431 2432 452
2432 2431 452
2433 2432 1418
2432 2433 1418
2428 2431 1223
2431 2428 1223
2434 2431 3356
2431 2434 3356
2426 2429 983
2429 2426 983
2429 2430 515
2430 2429 515
2430 2435 515
2435 2430 515
2435 2436 275
2436 2435 275
2435 2434 275
2434 2435 275
2436 2434 222
2434 2436 222
2437 2436 1556
2436 2437 1556
2427 2438 1149
2438 2427 1149
2427 2439 2063
2439 2427 2063
2438 2437 580
2437 2438 580
2437 75 3996
75 2437 3996
2436 2440 1090
2440 2436 1090
2440 2441 1012
2441 2440 1012
2438 2442 556
2442 2438 556
2378 2403 1596
2403 2378 1596
2443 2378 889
2378 2443 889
2443 2402 1513
2402 2443 1513
2444 2443 796
2443 2444 796
2380 2445 402
2445 2380 402
2405 2444 1847
2444 2405 1847
2446 2444 3670
2444 2446 3670
2444 2445 627
2445 2444 627
2432 2446 2457
2446 2432 2457
2446 2447 1425
2447 2446 1425
2386 2380 845
2380 2386 845
2388 2386 1012
2386 2388 1012
2448 2388 2553
2388 2448 2553
2449 2450 3520
2450 2449 3520
2447 2451 670
2451 2447 670
2451 2452 275
2452 2451 275
2452 2453 2433
2453 2452 2433
2440 2433 3049
2433 2440 3049
2454 2433 1271
2433 2454 1271
2441 2454 2457
2454 2441 2457
2455 2454 2450
2454 2455 2450
2441 2455 1139
2455 2441 1139
2455 2456 1447
2456 2455 1447
75 2457 3397
2457 75 3397
2458 74 1559
74 2458 1559
2459 2460 2140
2460 2459 2140
2460 2461 1621
2461 2460 1621
2462 2460 754
2460 2462 754
2463 2461 1188
2461 2463 1188
75 2463 1767
2463 75 1767
2367 890 1900
890 2367 1900
2368 2464 2930
2464 2368 2930
2369 2368 954
2368 2369 954
991 2369 419
2369 991 419
2465 2369 535
2369 2465 535
2465 991 333
991 2465 333
2466 2465 1004
2465 2466 1004
2466 2384 4824
2384 2466 4824
2467 2468 845
2468 2467 845
2469 2470 2167
2470 2469 2167
2471 2472 1444
2472 2471 1444
2473 2474 627
2474 2473 627
2475 2476 515
2476 2475 515
2477 2475 845
2475 2477 845
2469 2471 889
2471 2469 889
2471 2467 1447
2467 2471 1447
2478 2467 786
2467 2478 786
2479 2469 611
2469 2479 611
2479 2480 1796
2480 2479 1796
2481 2479 1542
2479 2481 1542
2478 2482 1124
2482 2478 1124
2483 2478 1463
2478 2483 1463
2484 2482 1257
2482 2484 1257
2475 2473 2028
2473 2475 2028
2480 2473 670
2473 2480 670
2480 2485 667
2485 2480 667
2480 2486 1345
2486 2480 1345
2487 2477 667
2477 2487 667
2487 2488 1178
2488 2487 1178
2477 2489 1012
2489 2477 1012
2477 2490 672
2490 2477 672
2485 2487 796
2487 2485 796
2485 2491 1012
2491 2485 1012
2492 2481 168
2481 2492 168
2481 2486 893
2486 2481 893
2493 2492 535
2492 2493 535
2486 2491 746
2491 2486 746
27 2494 382
2494 27 382
2494 28 485
28 2494 485
2495 1017 905
1017 2495 905
2496 2495 893
2495 2496 893
2497 2496 333
2496 2497 333
2497 2494 1178
2494 2497 1178
2498 2497 1004
2497 2498 1004
2499 2498 796
2498 2499 796
2500 2501 1248
2501 2500 1248
2502 2503 1470
2503 2502 1470
2500 2504 419
2504 2500 419
2505 2500 2340
2500 2505 2340
2503 2499 1004
2499 2503 1004
2503 2506 928
2506 2503 928
2507 2502 980
2502 2507 980
2506 2500 928
2500 2506 928
2508 2506 2340
2506 2508 2340
1017 1029 1276
1029 1017 1276
1029 2509 419
2509 1029 419
2495 2510 1608
2510 2495 1608
2496 2511 1597
2511 2496 1597
2512 2513 1248
2513 2512 1248
2514 2512 1031
2512 2514 1031
2515 2512 786
2512 2515 786
2516 2515 1906
2515 2516 1906
2517 2503 1031
2503 2517 1031
2517 2518 2909
2518 2517 2909
2514 2499 1858
2499 2514 1858
2519 2514 893
2514 2519 893
2519 2517 845
2517 2519 845
2520 2519 1466
2519 2520 1466
2516 2519 706
2519 2516 706
2521 2520 672
2520 2521 672
2522 2521 1004
2521 2522 1004
2483 2484 778
2484 2483 778
2484 2523 423
2523 2484 423
2505 2483 762
2483 2505 762
2505 2524 1289
2524 2505 1289
2525 2492 1220
2492 2525 1220
2508 2505 928
2505 2508 928
2507 2508 923
2508 2507 923
2526 2527 157
2527 2526 157
2528 2493 419
2493 2528 419
2529 2530 1273
2530 2529 1273
2531 2528 675
2528 2531 675
2528 2532 974
2532 2528 974
2533 2531 251
2531 2533 251
2534 2531 3581
2531 2534 3581
2533 2535 788
2535 2533 788
2536 2533 707
2533 2536 707
2536 2537 888
2537 2536 888
2537 2538 1341
2538 2537 1341
2539 2540 169
2540 2539 169
2541 2542 734
2542 2541 734
2543 2544 667
2544 2543 667
2518 2507 1194
2507 2518 1194
2545 2518 515
2518 2545 515
2522 2545 419
2545 2522 419
2545 2546 1897
2546 2545 1897
2547 2522 587
2522 2547 587
2548 2546 817
2546 2548 817
2549 2550 1889
2550 2549 1889
2537 2548 1573
2548 2537 1573
2551 2541 680
2541 2551 680
2541 2552 2335
2552 2541 2335
2551 2538 1111
2538 2551 1111
2553 2551 2690
2551 2553 2690
2538 2548 672
2548 2538 672
2554 2549 336
2549 2554 336
2555 2554 2803
2554 2555 2803
2549 2551 825
2551 2549 825
2556 2554 353
2554 2556 353
2557 2448 762
2448 2557 762
2448 2449 1808
2449 2448 1808
2558 2559 1179
2559 2558 1179
2557 2560 2015
2560 2557 2015
2561 2557 1012
2557 2561 1012
2449 2562 222
2562 2449 222
2562 2563 667
2563 2562 667
2560 2562 845
2562 2560 845
2563 2564 1055
2564 2563 1055
2565 2563 754
2563 2565 754
2564 2453 445
2453 2564 445
2564 2566 2107
2566 2564 2107
2453 2567 687
2567 2453 687
2453 2568 2039
2568 2453 2039
2567 2569 475
2569 2567 475
2570 2567 2107
2567 2570 2107
2571 2569 1844
2569 2571 1844
2569 2459 924
2459 2569 924
2560 2565 562
2565 2560 562
2572 2560 1006
2560 2572 1006
2573 2565 1030
2565 2573 1030
2568 2570 562
2570 2568 562
2568 2574 2703
2574 2568 2703
2571 2575 893
2575 2571 893
2570 2571 238
2571 2570 238
2576 2570 1012
2570 2576 1012
2490 2558 452
2558 2490 452
2529 2490 1691
2490 2529 1691
2558 2577 222
2577 2558 222
2577 2561 893
2561 2577 893
2577 2578 1680
2578 2577 1680
2561 2579 796
2579 2561 796
2580 2561 1525
2561 2580 1525
2579 2581 999
2581 2579 999
2579 2582 1361
2582 2579 1361
2578 2529 562
2529 2578 562
2583 2578 1000
2578 2583 1000
2583 2580 251
2580 2583 251
2580 2584 685
2584 2580 685
2585 2583 597
2583 2585 597
2572 2573 782
2573 2572 782
2581 2572 139
2572 2581 139
2586 2581 929
2581 2586 929
2573 2587 238
2587 2573 238
2587 2566 782
2566 2587 782
2587 2588 1429
2588 2587 1429
2566 2568 562
2568 2566 562
2566 2589 353
2589 2566 353
2589 2590 1012
2590 2589 1012
2591 2576 1277
2576 2591 1277
2588 2590 905
2590 2588 905
2588 2592 838
2592 2588 838
2592 2593 1114
2593 2592 1114
2590 2593 948
2593 2590 948
2594 2591 598
2591 2594 598
2459 2462 1906
2462 2459 1906
2575 2459 2012
2459 2575 2012
2575 2595 893
2595 2575 893
2595 2596 1065
2596 2595 1065
2595 2597 1262
2597 2595 1262
2598 2462 1262
2462 2598 1262
2596 2598 335
2598 2596 335
2598 2599 1161
2599 2598 1161
2596 2600 1336
2600 2596 1336
2601 2596 1816
2596 2601 1816
2600 2599 786
2599 2600 786
2600 2602 1248
2602 2600 1248
2602 2603 2505
2603 2602 2505
2604 2605 1406
2605 2604 1406
2606 2605 362
2605 2606 362
2605 2597 219
2597 2605 219
2606 2607 321
2607 2606 321
2608 2607 563
2607 2608 563
2609 2606 536
2606 2609 536
2610 2601 365
2601 2610 365
2610 2611 516
2611 2610 516
2612 2611 657
2611 2612 657
2613 2610 671
2610 2613 671
2614 2601 1152
2601 2614 1152
2609 2608 320
2608 2609 320
2615 2608 725
2608 2615 725
2616 2609 712
2609 2616 712
2612 2609 481
2609 2612 481
2591 2604 938
2604 2591 938
2594 2591 598
2591 2594 598
2617 2604 1746
2604 2617 1746
2616 2615 303
2615 2616 303
2618 2615 818
2615 2618 818
2619 2616 480
2616 2619 480
2620 2616 818
2616 2620 818
2613 2612 516
2612 2613 516
2619 2612 725
2612 2619 725
2621 2613 658
2613 2621 658
2614 2622 3042
2622 2614 3042
2621 2619 520
2619 2621 520
2623 2619 778
2619 2623 778
2622 425 846
425 2622 846
425 2624 846
2624 425 846
2625 2534 1225
2534 2625 1225
2534 2626 846
2626 2534 846
2585 2592 2687
2592 2585 2687
2625 2585 587
2585 2625 587
2627 2625 168
2625 2627 168
2628 2627 597
2627 2628 597
2627 2629 3792
2629 2627 3792
2630 2631 856
2631 2630 856
2552 2543 922
2543 2552 922
2628 2632 1174
2632 2628 1174
2633 2628 2274
2628 2633 2274
2630 2628 706
2628 2630 706
2593 2629 839
2629 2593 839
2629 2634 838
2634 2629 838
2634 2635 333
2635 2634 333
2574 2635 1346
2635 2574 1346
2635 2636 893
2636 2635 893
2637 2638 1676
2638 2637 1676
2639 2640 889
2640 2639 889
2641 2639 1847
2639 2641 1847
2640 2634 713
2634 2640 713
2642 2640 1764
2640 2642 1764
2552 2643 1225
2643 2552 1225
2644 2645 716
2645 2644 716
2643 2630 1223
2630 2643 1223
2643 2633 1119
2633 2643 1119
2633 2637 892
2637 2633 892
2644 2643 1679
2643 2644 1679
2553 2644 251
2644 2553 251
2646 2644 1786
2644 2646 1786
2646 2633 1095
2633 2646 1095
2647 2646 670
2646 2647 670
2648 2642 333
2642 2648 333
2637 2649 672
2649 2637 672
2649 2641 452
2641 2649 452
2641 2648 562
2648 2641 562
2642 2650 344
2650 2642 344
2635 2651 1102
2651 2635 1102
2650 2652 493
2652 2650 493
2653 2654 474
2654 2653 474
2653 2655 445
2655 2653 445
2656 2526 3810
2526 2656 3810
2655 2657 556
2657 2655 556
2650 2658 867
2658 2650 867
2636 2594 1179
2594 2636 1179
2620 2618 303
2618 2620 303
2659 2618 771
2618 2659 771
2660 2620 697
2620 2660 697
2623 2620 501
2620 2623 501
2636 2617 788
2617 2636 788
2657 2636 1940
2636 2657 1940
2661 2617 288
2617 2661 288
2662 2660 1669
2660 2662 1669
2663 2623 498
2623 2663 498
2664 2623 228
2623 2664 228
2665 2666 646
2666 2665 646
2662 2665 754
2665 2662 754
2667 2662 845
2662 2667 845
2662 2624 3094
2624 2662 3094
2659 2661 344
2661 2659 344
2668 2661 680
2661 2668 680
2660 2659 238
2659 2660 238
2667 2668 2224
2668 2667 2224
2669 2668 838
2668 2669 838
2670 2667 680
2667 2670 680
2657 2671 238
2671 2657 238
2671 2669 452
2669 2671 452
2669 2670 2347
2670 2669 2347
2672 2670 335
2670 2672 335
2673 2672 434
2672 2673 434
2674 2675 2568
2675 2674 2568
2676 2674 1012
2674 2676 1012
2673 2677 2561
2677 2673 2561
2678 2673 680
2673 2678 680
2677 2679 562
2679 2677 562
2680 2679 1680
2679 2680 1680
2679 2681 2016
2681 2679 2016
2682 2683 929
2683 2682 929
2675 2678 597
2678 2675 597
2684 2685 587
2685 2684 587
2675 2684 1334
2684 2675 1334
2686 2675 1179
2675 2686 1179
2684 2682 796
2682 2684 796
2687 2684 1173
2684 2687 1173
2682 2680 889
2680 2682 889
2688 2682 1179
2682 2688 1179
2689 2680 1341
2680 2689 1341
2268 2278 4719
2278 2268 4719
2439 2690 736
2690 2439 736
2439 2691 1694
2691 2439 1694
2278 2691 1341
2691 2278 1341
2691 2272 2224
2272 2691 2224
2272 2692 1454
2692 2272 1454
2692 2693 452
2693 2692 452
2693 2274 3730
2274 2693 3730
2694 2693 238
2693 2694 238
2695 2693 515
2693 2695 515
2696 2694 2933
2694 2696 2933
2695 2694 434
2694 2695 434
2697 2695 515
2695 2697 515
2698 2697 1012
2697 2698 1012
2691 2699 922
2699 2691 922
2699 2700 1140
2700 2699 1140
2700 2701 1031
2701 2700 1031
2702 2703 838
2703 2702 838
2442 2700 2118
2700 2442 2118
2442 2704 2119
2704 2442 2119
2701 2702 333
2702 2701 333
2702 2705 1292
2705 2702 1292
2698 2706 1084
2706 2698 1084
2249 2250 891
2250 2249 891
2705 2707 1257
2707 2705 1257
2707 2708 445
2708 2707 445
2708 2698 2517
2698 2708 2517
2708 2709 3744
2709 2708 3744
2299 2696 515
2696 2299 515
2696 2710 452
2710 2696 452
2706 2711 1714
2711 2706 1714
2706 2712 1198
2712 2706 1198
2713 2714 597
2714 2713 597
2715 2713 671
2713 2715 671
2713 2716 889
2716 2713 889
2715 2717 893
2717 2715 893
2718 2715 949
2715 2718 949
2719 2720 556
2720 2719 556
2719 2721 550
2721 2719 550
2722 2719 763
2719 2722 763
2716 2722 847
2722 2716 847
2717 2716 587
2716 2717 587
2722 2723 452
2723 2722 452
2717 2724 1778
2724 2717 1778
2725 2717 763
2717 2725 763
2726 2727 1669
2727 2726 1669
2728 2718 1084
2718 2728 1084
2718 2725 818
2725 2718 818
2728 2729 1675
2729 2728 1675
2709 2728 1709
2728 2709 1709
2725 2730 1669
2730 2725 1669
2729 2725 846
2725 2729 846
2731 2732 212
2732 2731 212
2731 2733 1778
2733 2731 1778
2729 2734 1576
2734 2729 1576
2735 2736 755
2736 2735 755
2737 2734 587
2734 2737 587
2738 2731 929
2731 2738 929
2738 2739 1778
2739 2738 1778
2737 2740 111
2740 2737 111
83 2737 168
2737 83 168
2740 2738 611
2738 2740 611
2740 2741 1591
2741 2740 1591
83 2740 201
2740 83 201
2704 2742 2340
2742 2704 2340
2704 2743 876
2743 2704 876
2701 2744 1179
2744 2701 1179
2744 2745 893
2745 2744 893
2744 2742 587
2742 2744 587
2743 2746 1915
2746 2743 1915
2743 2458 1550
2458 2743 1550
2742 2746 751
2746 2742 751
2707 2747 1262
2747 2707 1262
2747 2748 5399
2748 2747 5399
2747 2749 1277
2749 2747 1277
2749 2750 5167
2750 2749 5167
2458 2457 1423
2457 2458 1423
80 2457 580
2457 80 580
2751 77 611
77 2751 611
2709 2752 1114
2752 2709 1114
2753 2735 344
2735 2753 344
2752 2754 846
2754 2752 846
2752 2753 452
2753 2752 452
2735 2755 818
2755 2735 818
2755 82 826
82 2755 826
2755 2756 445
2756 2755 445
2756 2757 1797
2757 2756 1797
2753 2748 1413
2748 2753 1413
2748 2758 1565
2758 2748 1565
2758 2756 1255
2756 2758 1255
2758 2759 610
2759 2758 610
2748 2750 1255
2750 2748 1255
2750 2760 473
2760 2750 473
2760 2761 1139
2761 2760 1139
2762 2763 2002
2763 2762 2002
2760 2762 1140
2762 2760 1140
2761 2764 1234
2764 2761 1234
2761 2765 1140
2765 2761 1140
2764 2766 672
2766 2764 672
2767 2764 1341
2764 2767 1341
2766 2768 1375
2768 2766 1375
2757 2769 2481
2769 2757 2481
2770 2767 1805
2767 2770 1805
2771 2772 1299
2772 2771 1299
2768 2773 1414
2773 2768 1414
2249 2774 1301
2774 2249 1301
2775 2776 778
2776 2775 778
2776 2777 1111
2777 2776 1111
2776 2727 1012
2727 2776 1012
2727 2778 1445
2778 2727 1445
2727 2779 528
2779 2727 528
2780 2781 889
2781 2780 889
2781 2782 1556
2782 2781 1556
2782 2783 335
2783 2782 335
2784 2785 1077
2785 2784 1077
2782 2786 889
2786 2782 889
2785 2787 503
2787 2785 503
2785 2788 847
2788 2785 847
2789 2790 1447
2790 2789 1447
2791 2789 672
2789 2791 672
2792 2789 1090
2789 2792 1090
2791 2793 2158
2793 2791 2158
2794 2791 922
2791 2794 922
2795 2796 839
2796 2795 839
2757 2797 452
2797 2757 452
2797 2780 2122
2780 2797 2122
2797 2771 649
2771 2797 649
2771 2798 452
2798 2771 452
2799 2782 2331
2782 2799 2331
2799 2800 893
2800 2799 893
2798 2781 2525
2781 2798 2525
2798 2801 1166
2801 2798 1166
2802 2803 576
2803 2802 576
2802 2804 2696
2804 2802 2696
2803 2785 889
2785 2803 889
2803 2805 825
2805 2803 825
2806 2805 680
2805 2806 680
2805 2807 603
2807 2805 603
2800 2786 2412
2786 2800 2412
2800 2808 950
2808 2800 950
2808 2802 1301
2802 2808 1301
2808 2809 2582
2809 2808 2582
2810 2811 950
2811 2810 950
2801 2799 1060
2799 2801 1060
2801 2812 1670
2812 2801 1670
2801 2810 949
2810 2801 949
2813 2814 983
2814 2813 983
2815 2816 1317
2816 2815 1317
2810 2813 949
2813 2810 949
2813 2817 168
2817 2813 168
2818 2817 871
2817 2818 871
2812 2808 1574
2808 2812 1574
2812 2819 1343
2819 2812 1343
2820 2819 671
2819 2820 671
2820 2821 1335
2821 2820 1335
2819 2822 688
2822 2819 688
2822 2823 511
2823 2822 511
2822 2824 3967
2824 2822 3967
2809 2825 373
2825 2809 373
2823 2809 473
2809 2823 473
2823 2826 3773
2826 2823 3773
2792 2827 796
2827 2792 796
2828 2827 763
2827 2828 763
2794 2792 672
2792 2794 672
2829 2828 838
2828 2829 838
2828 2830 2153
2830 2828 2153
2831 2832 1134
2832 2831 1134
2831 2833 876
2833 2831 876
2827 2834 1112
2834 2827 1112
2829 2835 2347
2835 2829 2347
2829 2836 2306
2836 2829 2306
2832 2829 444
2829 2832 444
2795 2794 672
2794 2795 672
2830 2795 515
2795 2830 515
2837 2795 889
2795 2837 889
2835 2830 515
2830 2835 515
2835 2837 1207
2837 2835 1207
2837 2838 5274
2838 2837 5274
2804 2831 1021
2831 2804 1021
2839 2804 503
2804 2839 503
2825 2839 707
2839 2825 707
2832 2840 1018
2840 2832 1018
2841 2842 1095
2842 2841 1095
2843 2751 924
2751 2843 924
2762 2843 2060
2843 2762 2060
2844 2843 1234
2843 2844 1234
2751 2845 949
2845 2751 949
2844 2846 1755
2846 2844 1755
2847 2844 1815
2844 2847 1815
2847 2770 1575
2770 2847 1575
2848 2847 475
2847 2848 475
2770 2773 1055
2773 2770 1055
2849 2850 1257
2850 2849 1257
2851 2852 2110
2852 2851 2110
2853 2854 782
2854 2853 782
2853 2848 395
2848 2853 395
2855 2853 515
2853 2855 515
2855 2856 2406
2856 2855 2406
2852 2855 201
2855 2852 201
2852 2857 825
2857 2852 825
2858 2859 1889
2859 2858 1889
2860 2858 1760
2858 2860 1760
2859 2861 1906
2861 2859 1906
2861 2841 452
2841 2861 452
2841 2862 499
2862 2841 499
2862 2849 948
2849 2862 948
2863 2859 1012
2859 2863 1012
2863 2864 1891
2864 2863 1891
2861 2864 1179
2864 2861 1179
2681 2865 1012
2865 2681 1012
2681 2860 333
2860 2681 333
2866 2865 1897
2865 2866 1897
2860 2867 1576
2867 2860 1576
2867 2863 550
2863 2867 550
2868 2867 275
2867 2868 275
2865 2869 922
2869 2865 922
2870 2869 1004
2869 2870 1004
2871 2869 1277
2869 2871 1277
2869 2872 600
2872 2869 600
2873 2874 1067
2874 2873 1067
2875 2870 905
2870 2875 905
2876 2870 1277
2870 2876 1277
2866 2868 838
2868 2866 838
2868 2877 2007
2877 2868 2007
2878 2866 2138
2866 2878 2138
2879 2866 671
2866 2879 671
2864 2877 671
2877 2864 671
2877 2878 680
2878 2877 680
2880 2862 3031
2862 2880 3031
2880 2881 4154
2881 2880 4154
2882 2880 1965
2880 2882 1965
2875 2879 168
2879 2875 168
2883 2879 2118
2879 2883 2118
2884 2875 680
2875 2884 680
2884 2885 2126
2885 2884 2126
2886 2884 754
2884 2886 754
2878 2883 838
2883 2878 838
2883 2885 763
2885 2883 763
2849 2887 1114
2887 2849 1114
2887 2851 2089
2851 2887 2089
2887 2888 1660
2888 2887 1660
2888 2889 2246
2889 2888 2246
2889 2890 1466
2890 2889 1466
2889 2891 1627
2891 2889 1627
2892 2893 587
2893 2892 587
2894 2895 1350
2895 2894 1350
2896 2897 1710
2897 2896 1710
2898 2773 787
2773 2898 787
2818 2899 688
2899 2818 688
2900 2818 1167
2818 2900 1167
2901 2900 1220
2900 2901 1220
2901 2902 2426
2902 2901 2426
2900 2903 975
2903 2900 975
2904 2898 787
2898 2904 787
2815 2901 610
2901 2815 610
2815 2905 2157
2905 2815 2157
2896 2815 946
2815 2896 946
2906 2907 983
2907 2906 983
2903 2820 974
2820 2903 974
2903 2906 1031
2906 2903 1031
2821 2906 1055
2906 2821 1055
2906 2908 646
2908 2906 646
2821 2909 275
2909 2821 275
2909 2910 835
2910 2909 835
2911 2912 511
2912 2911 511
2909 2911 335
2911 2909 335
2911 2913 1941
2913 2911 1941
2856 2904 238
2904 2856 238
2856 2914 1695
2914 2856 1695
2904 2896 750
2896 2904 750
2905 2914 1084
2914 2905 1084
2914 2915 949
2915 2914 949
2902 2905 1014
2905 2902 1014
2905 2916 1140
2916 2905 1140
2902 2916 1423
2916 2902 1423
2916 2915 905
2915 2916 905
2913 2917 262
2917 2913 262
2913 2918 1031
2918 2913 1031
2913 2919 434
2919 2913 434
2920 2515 845
2515 2920 845
2921 2920 1919
2920 2921 1919
2922 2920 353
2920 2922 353
2921 2516 928
2516 2921 928
2923 2921 1576
2921 2923 1576
2923 2520 1608
2520 2923 1608
2924 2923 452
2923 2924 452
2925 2924 333
2924 2925 333
2926 2924 1006
2924 2926 1006
2925 2521 1596
2521 2925 1596
2927 2925 1248
2925 2927 1248
2928 2921 1359
2921 2928 1359
2929 2926 1591
2926 2929 1591
2930 2926 402
2926 2930 402
2931 2932 474
2932 2931 474
2933 2932 1114
2932 2933 1114
2934 2933 1222
2933 2934 1222
2935 1323 905
1323 2935 905
2936 2935 1000
2935 2936 1000
2935 2937 786
2937 2935 786
2938 2939 1952
2939 2938 1952
2932 2940 884
2940 2932 884
2941 2936 1124
2936 2941 1124
2933 2941 1381
2941 2933 1381
2942 2941 1897
2941 2942 1897
2928 2934 1030
2934 2928 1030
2934 2943 804
2943 2934 804
2934 2944 535
2944 2934 535
2944 2945 1277
2945 2944 1277
2944 2946 201
2946 2944 201
2946 2947 1114
2947 2946 1114
2947 2948 1075
2948 2947 1075
2946 2942 928
2942 2946 928
2949 2942 1111
2942 2949 1111
2950 2947 474
2947 2950 474
2951 2949 2248
2949 2951 2248
2556 2547 3782
2547 2556 3782
2952 2547 503
2547 2952 503
2927 2952 680
2952 2927 680
2952 2953 1004
2953 2952 1004
2954 2927 905
2927 2954 905
2929 2927 1089
2927 2929 1089
2954 2953 419
2953 2954 419
2955 2954 2340
2954 2955 2340
2956 2929 353
2929 2956 353
2955 2556 1099
2556 2955 1099
2957 2958 1173
2958 2957 1173
2957 2955 1374
2955 2957 1374
2957 2959 333
2959 2957 333
2959 2555 1931
2555 2959 1931
2959 2960 402
2960 2959 402
2555 2961 786
2961 2555 786
2555 2962 1978
2962 2555 1978
2555 2963 1255
2963 2555 1255
2957 2956 3701
2956 2957 3701
2964 2956 1596
2956 2964 1596
2965 2966 1545
2966 2965 1545
2964 2967 335
2967 2964 335
2968 2967 893
2967 2968 893
2967 2951 275
2951 2967 275
2951 2969 1112
2969 2951 1112
2968 2970 786
2970 2968 786
2966 2968 1504
2968 2966 1504
2971 2972 1340
2972 2971 1340
2960 2973 948
2973 2960 948
2973 2974 1778
2974 2973 1778
2973 2975 1220
2975 2973 1220
2963 2974 838
2974 2963 838
2974 2976 1556
2976 2974 1556
2975 2977 201
2977 2975 201
1539 2966 696
2966 1539 696
2966 2978 1691
2978 2966 1691
2975 1539 948
1539 2975 948
2977 2979 1268
2979 2977 1268
2977 2980 706
2980 2977 706
2937 1328 786
1328 2937 786
2981 1328 1322
1328 2981 1322
2982 2981 1159
2981 2982 1159
2983 2982 1767
2982 2983 1767
2942 2938 1276
2938 2942 1276
2984 2938 1031
2938 2984 1031
2985 2984 928
2984 2985 928
2986 2984 2679
2984 2986 2679
2938 2983 1627
2983 2938 1627
2987 2983 2340
2983 2987 2340
2988 2987 1796
2987 2988 1796
2987 2989 1734
2989 2987 1734
2981 1340 2156
1340 2981 2156
2990 1340 1542
1340 2990 1542
2982 2990 2711
2990 2982 2711
2990 1352 550
1352 2990 550
2991 2990 1004
2990 2991 1004
1352 2992 2487
2992 1352 2487
2991 2993 1583
2993 2991 1583
2994 2991 1004
2991 2994 1004
2983 2993 1112
2993 2983 1112
2993 2994 1112
2994 2993 1112
2995 2994 1786
2994 2995 1786
2994 2996 1896
2996 2994 1896
2995 2997 550
2997 2995 550
2989 2995 1530
2995 2989 1530
2998 2997 835
2997 2998 835
2989 2998 749
2998 2989 749
2998 2999 1374
2999 2998 1374
2969 3000 782
3000 2969 782